[[31,23,23,3,30,2,6,39],[4,33,5,36,21,29,29,0],[7,20,25,16,28,17,1,22],[41,34,31,2,38,9,18,14],[41,17,38,33,24,24,39,26],[19,34,27,26,30,36,29,37],[41,41,16,35,36,3,3,30],[40,13,5,22,39,32,5,25],[19,20,34,28,40,12,37,23],[15,8,19,21,37,5,1,31],[21,26,22,35,38,21,3,15],[34,39,24,4,27,1,25,2],[36,38,18,0,0,15,37,33],[6,33,40,17,28,6,27,35],[25,26,10,4,11,27,0,24],[6,40,23,18,4,32,16,22],[2,17,16,1,20,32,19,15],[32,35,31,30,28,18,29,20]]
[[39,18,5,19,29,25,37,10],[31,34,36,22,31,5,0,15],[29,38,23,33,26,22,38,33],[38,2,15,21,12,24,8,30],[15,21,2,36,5,6,1,30],[6,29,33,23,4,16,37,36],[17,7,0,18,1,18,3,25],[34,37,11,4,16,2,35,1],[20,32,17,16,20,24,23,2],[26,38,30,22,33,21,41,9],[18,35,27,4,19,30,34,5],[27,35,20,3,32,37,27,4],[27,40,1,15,24,32,39,6],[0,13,28,36,40,6,40,28],[41,25,28,31,0,24,29,41],[25,3,21,39,28,16,17,22],[20,35,40,17,19,23,34,14],[26,32,39,19,31,26,3,41]]
[[39,31,24,16,35,29,25,5],[5,3,26,29,34,18,13,36],[3,23,0,20,15,27,17,15],[1,19,29,37,28,14,38,21],[35,38,4,16,3,33,2,15],[35,31,0,25,17,22,18,39],[26,40,36,28,27,27,33,37],[28,33,24,1,19,23,20,41],[1,34,38,1,0,41,27,3],[22,21,41,25,4,4,31,17],[19,20,31,9,5,2,18,34],[2,33,35,21,40,37,15,38],[41,19,25,30,39,26,36,30],[6,36,23,11,6,6,20,16],[32,6,7,22,0,2,37,40],[32,12,30,17,10,40,39,32],[23,4,28,24,5,18,30,24],[34,8,21,16,32,22,29,26]]
[[1,6,36,38,15,10,31,21],[41,22,17,4,14,28,29,3],[6,33,26,38,28,1,22,5],[24,2,40,34,34,37,6,20],[25,20,7,18,31,26,3,1],[17,23,3,26,16,5,0,28],[38,30,1,24,3,37,20,6],[22,32,8,37,19,21,18,4],[33,30,0,5,33,2,30,25],[16,31,18,34,35,34,25,39],[19,17,40,27,35,15,16,17],[23,18,32,5,27,37,33,30],[23,4,15,20,31,0,23,13],[35,15,21,36,40,19,40,29],[22,21,0,32,41,36,26,24],[2,41,4,25,24,16,11,27],[39,28,27,39,29,19,36,2],[35,41,38,29,32,12,39,9]]
[[4,34,41,1,37,23,17,33],[31,6,33,32,24,15,9,1],[0,2,6,39,5,6,30,18],[33,31,24,21,34,29,25,34],[20,16,31,27,17,37,8,36],[3,32,2,30,24,0,35,5],[5,40,28,22,0,20,39,38],[28,38,37,40,37,15,16,41],[36,25,21,26,21,20,17,6],[35,28,4,20,15,32,18,31],[38,22,5,19,35,22,16,33],[38,21,27,19,40,23,3,11],[35,30,2,17,39,39,29,18],[2,12,26,1,27,10,30,28],[7,29,1,29,27,25,16,32],[26,36,4,23,15,25,34,19],[24,13,23,14,19,4,41,26],[41,36,0,40,18,3,22,3]]
[[31,33,40,26,13,1,20,3],[18,33,29,17,41,36,17,23],[23,22,21,17,32,36,21,27],[16,31,34,41,6,2,24,39],[0,23,1,3,38,3,6,5],[41,28,36,37,2,19,25,0],[3,20,16,34,32,18,32,4],[28,28,41,29,20,5,18,18],[1,31,7,38,30,15,12,6],[21,39,15,29,38,39,35,24],[32,28,39,24,25,1,2,22],[0,19,19,9,4,17,27,8],[0,25,19,22,16,20,25,24],[27,37,5,6,23,15,37,26],[21,34,30,10,30,31,22,5],[34,40,14,4,38,11,36,35],[35,37,4,26,2,40,15,33],[29,27,26,40,35,16,30,33]]
[[17,30,35,26,16,5,23,4],[2,37,23,10,16,21,15,21],[27,15,1,9,36,0,4,36],[38,41,22,25,25,3,6,0],[22,1,32,33,30,19,27,6],[18,39,19,3,22,28,2,41],[4,32,1,0,19,5,2,28],[35,40,26,16,32,1,29,38],[27,41,20,3,20,18,5,23],[32,37,24,18,39,17,31,28],[18,40,31,20,35,16,38,21],[15,23,29,34,25,5,39,17],[13,14,39,24,35,20,26,0],[2,29,41,31,4,36,34,21],[40,33,8,26,15,25,34,28],[33,6,30,12,29,40,7,3],[37,33,34,38,24,17,30,31],[22,6,24,36,27,19,37,11]]
[[18,34,5,24,33,16,33,41],[38,37,39,2,30,17,23,21],[31,30,0,32,4,25,16,4],[15,0,39,24,18,29,19,39],[22,24,20,23,34,32,35,36],[20,39,38,19,15,37,21,28],[20,38,6,40,0,40,21,3],[37,17,9,10,20,34,5,17],[18,14,32,26,7,2,15,41],[25,27,23,4,36,26,26,29],[0,19,29,30,4,35,41,34],[3,31,29,1,35,38,33,27],[5,28,8,36,27,11,28,1],[2,22,1,40,17,3,22,31],[6,27,2,37,12,30,16,19],[6,16,25,5,41,24,18,31],[40,23,21,36,13,15,33,28],[6,22,25,32,26,1,3,35]]
[[23,22,19,39,14,40,7,25],[4,37,2,34,33,35,22,6],[24,1,3,26,22,30,33,21],[1,38,32,21,30,20,27,16],[21,15,15,24,31,2,16,28],[3,9,6,1,28,15,29,19],[36,28,36,16,2,32,41,31],[35,5,0,33,16,6,30,17],[1,23,8,38,35,0,17,29],[24,23,20,32,31,5,26,4],[28,2,0,34,3,18,3,38],[10,40,27,5,12,25,5,34],[39,22,36,29,18,36,20,40],[26,40,41,20,39,17,41,26],[29,19,25,11,19,18,17,33],[18,13,27,27,37,37,23,31],[15,30,4,4,38,0,35,41],[32,24,39,37,25,21,34,6]]
[[17,18,37,5,27,3,17,32],[20,2,39,32,39,23,37,36],[24,6,9,6,18,5,34,37],[12,41,34,41,40,8,19,7],[18,27,17,41,0,31,30,29],[24,1,20,31,35,1,35,40],[15,38,0,23,17,26,22,16],[22,35,14,33,28,31,28,30],[32,36,15,16,29,39,5,6],[25,16,13,1,28,29,36,19],[3,10,19,25,35,21,5,21],[38,20,15,3,39,15,38,11],[29,37,31,41,16,33,30,4],[0,40,21,33,26,26,4,24],[26,38,18,24,20,34,1,34],[30,23,3,25,25,28,4,2],[40,33,0,21,36,22,23,32],[27,2,4,22,27,6,19,2]]
[[20,3,25,0,29,18,30,23],[25,2,35,32,31,33,38,41],[38,37,22,35,31,30,26,36],[2,19,16,37,5,35,21,18],[30,32,39,6,8,3,37,15],[26,17,31,35,9,29,36,27],[38,1,15,40,28,24,6,27],[19,5,41,37,20,32,29,36],[5,19,15,4,40,7,17,27],[22,0,33,17,27,40,26,31],[28,21,22,16,15,39,39,28],[40,1,39,30,14,16,4,16],[38,33,25,20,11,0,19,29],[12,3,41,21,18,5,0,34],[2,21,10,25,24,23,6,23],[34,28,20,13,22,4,2,36],[33,3,24,26,24,18,23,32],[1,34,6,17,41,34,1,4]]
[[20,10,5,1,35,39,25,37],[33,18,24,9,31,14,21,22],[24,41,1,25,2,35,37,41],[27,40,0,41,23,15,16,17],[27,11,19,3,26,5,17,20],[6,16,30,20,32,22,28,38],[38,7,4,35,23,16,17,1],[25,31,38,5,28,26,16,30],[32,36,34,29,15,21,4,0],[24,22,33,21,30,3,31,22],[40,36,6,34,30,39,29,8],[4,31,37,23,33,15,23,13],[2,28,26,0,26,19,32,12],[32,29,41,1,19,18,20,24],[36,40,15,28,3,5,0,27],[21,29,39,34,40,38,34,3],[18,25,39,36,6,27,19,18],[2,33,37,35,17,2,4,6]]
[[6,3,6,12,41,28,17,41],[2,41,24,0,7,5,13,26],[37,18,19,20,39,34,29,40],[21,33,1,1,36,32,18,30],[32,20,6,2,8,33,5,24],[31,33,27,18,16,23,22,2],[32,25,36,5,28,0,37,20],[11,29,28,35,27,32,3,39],[17,15,38,4,20,23,1,16],[28,30,39,16,34,6,21,38],[21,39,21,31,22,40,27,25],[40,24,41,35,2,34,26,24],[9,40,30,15,36,19,1,27],[4,16,26,0,3,33,0,14],[35,15,23,37,17,23,37,19],[31,10,26,30,25,34,29,4],[3,35,5,29,31,22,25,38],[38,15,22,19,36,17,18,4]]
[[4,4,28,28,6,16,36,32],[40,14,31,6,38,29,29,22],[27,2,23,5,32,39,15,16],[26,21,24,25,2,39,2,21],[37,18,25,18,16,34,31,31],[3,39,0,1,40,17,17,30],[34,40,1,20,18,20,40,35],[6,27,0,7,19,25,2,41],[30,37,3,10,21,27,33,23],[34,22,15,29,23,22,1,33],[19,22,4,39,13,6,36,4],[5,41,38,33,0,21,23,37],[26,28,26,25,19,15,16,28],[35,41,30,37,30,20,9,12],[26,32,18,24,15,3,3,24],[11,41,36,1,5,20,17,38],[35,27,33,19,31,5,34,32],[29,8,38,35,0,17,24,36]]
[[33,4,1,23,8,0,23,1],[31,7,37,40,41,19,15,39],[39,11,17,20,25,18,19,33],[15,37,15,16,5,27,35,9],[12,38,41,20,30,25,2,2],[5,32,31,28,24,38,25,23],[35,30,10,31,34,41,24,1],[17,22,3,29,3,18,21,36],[0,6,15,29,24,24,26,32],[18,23,18,2,37,38,17,0],[40,19,5,20,22,33,21,3],[28,14,38,29,32,20,26,16],[27,4,30,36,26,37,4,34],[39,41,1,17,16,19,22,34],[25,36,35,30,27,5,13,16],[33,35,3,22,6,21,31,0],[28,39,27,26,36,28,29,6],[6,40,32,21,34,4,2,40]]
[[24,20,21,36,15,0,35,34],[29,25,9,32,23,26,19,31],[11,21,17,32,0,38,5,36],[6,19,13,15,32,5,40,20],[29,20,17,24,22,2,29,1],[34,1,36,30,22,23,2,20],[27,0,7,35,32,27,23,18],[23,25,10,22,27,18,39,37],[31,3,27,1,31,4,34,41],[19,2,18,33,41,25,38,35],[28,16,4,16,8,12,31,26],[4,25,35,39,5,1,28,40],[21,21,16,18,3,40,22,3],[6,30,17,2,3,6,24,5],[29,6,33,15,39,4,37,17],[14,19,28,40,26,38,37,41],[16,28,30,0,39,34,30,33],[33,38,15,41,26,36,24,37]]
[[18,0,33,16,34,14,17,30],[16,7,18,40,10,29,25,25],[19,34,27,26,27,35,19,37],[33,37,5,25,15,15,6,34],[32,16,41,5,24,19,21,1],[23,23,23,3,26,36,22,40],[18,0,31,28,30,38,36,17],[40,29,13,27,33,5,20,41],[39,0,21,39,32,5,17,30],[8,37,24,36,21,1,20,0],[24,28,2,27,29,6,3,6],[25,39,32,1,38,41,4,36],[21,15,16,28,26,35,29,26],[12,28,22,31,3,20,4,41],[2,2,37,9,15,17,1,22],[31,18,4,33,19,4,2,31],[38,20,11,35,39,35,22,23],[34,38,40,24,32,6,30,3]]
[[18,39,14,22,24,16,32,20],[28,41,31,6,29,19,21,36],[28,19,8,37,38,40,17,36],[21,30,40,12,4,21,41,0],[28,1,20,30,33,25,17,16],[23,22,39,3,32,27,27,26],[29,6,4,15,34,27,29,15],[4,4,17,16,33,3,2,23],[3,18,40,28,18,37,24,35],[1,31,7,2,11,2,22,30],[38,35,2,1,5,19,24,26],[41,35,10,25,0,6,21,39],[1,32,5,25,18,37,5,25],[15,19,20,30,3,39,33,13],[20,37,29,5,34,33,27,38],[9,34,31,23,15,26,16,40],[32,38,26,17,23,36,36,31],[35,34,41,22,0,0,6,24]]
[[22,2,17,34,29,2,27,22],[33,20,6,24,17,34,32,15],[21,20,35,1,0,4,23,5],[33,4,34,29,7,1,35,16],[6,26,30,6,19,39,33,1],[3,23,17,25,8,27,38,35],[30,21,38,32,40,27,16,3],[0,40,18,35,20,37,24,6],[30,5,19,31,31,16,0,36],[23,20,29,3,37,31,29,39],[22,28,15,19,19,30,4,26],[4,37,36,14,37,38,28,17],[25,21,27,28,41,24,16,32],[13,41,22,28,26,11,40,25],[40,36,15,41,34,5,18,3],[0,2,21,26,38,36,23,5],[32,24,39,1,12,31,39,15],[41,9,33,18,25,10,2,18]]
[[19,40,16,7,22,18,26,9],[36,32,23,0,15,23,33,30],[19,22,39,28,40,31,15,29],[24,28,34,25,24,15,10,18],[0,30,38,2,23,23,33,6],[37,5,20,12,32,15,40,30],[25,2,35,31,18,3,20,30],[11,36,3,2,8,4,17,1],[21,17,3,5,6,35,26,29],[31,0,24,4,17,39,16,22],[29,41,31,41,40,38,4,5],[21,14,18,41,35,37,34,22],[38,34,21,26,39,1,32,1],[3,16,33,37,36,27,1,35],[28,33,25,6,36,5,28,20],[2,26,39,4,27,19,13,38],[41,16,24,29,27,17,32,21],[37,0,27,34,19,6,25,20]]
[[34,34,19,18,14,38,16,39],[5,4,1,29,4,22,2,30],[11,6,31,6,7,31,0,39],[15,37,30,33,26,2,36,25],[15,34,17,36,31,41,29,3],[3,29,20,24,33,39,40,6],[23,25,23,28,38,6,19,24],[35,28,32,40,0,17,35,8],[34,32,16,25,26,16,2,23],[3,10,9,32,36,28,15,20],[32,21,0,15,1,28,20,3],[17,1,24,33,17,18,22,27],[21,27,26,4,12,5,5,20],[21,41,18,37,13,35,30,39],[40,31,37,23,16,36,19,40],[35,2,38,33,41,41,22,19],[0,24,18,38,25,5,29,26],[21,4,22,30,27,27,37,1]]
[[18,6,3,35,6,31,34,11],[23,40,14,2,4,3,18,39],[30,41,30,5,27,10,4,41],[38,30,0,20,41,19,16,34],[21,28,27,3,21,30,31,39],[29,19,34,36,27,1,16,24],[28,25,36,33,32,17,0,22],[16,26,23,28,22,8,35,25],[23,24,31,16,4,33,2,19],[19,15,37,23,18,2,39,9],[25,24,17,37,34,15,25,33],[36,18,40,7,27,26,32,3],[37,41,2,5,17,35,17,29],[6,13,29,35,37,36,21,6],[0,20,15,28,1,32,38,24],[21,38,29,26,20,1,15,5],[38,0,1,33,4,12,22,31],[26,5,32,40,20,22,39,40]]
[[39,29,31,19,18,4,28,36],[38,40,26,41,25,14,23,40],[39,41,29,37,0,2,28,32],[21,17,22,36,30,27,24,20],[40,19,1,11,15,35,16,35],[34,0,33,15,16,32,37,3],[6,37,20,0,12,26,3,1],[26,22,2,13,36,2,31,23],[38,33,25,25,24,1,28,29],[4,24,32,28,5,9,33,22],[4,16,27,33,15,27,18,7],[29,35,15,36,41,35,30,34],[17,10,23,37,30,21,4,0],[25,27,18,3,23,19,6,17],[20,30,17,21,26,24,38,6],[5,34,18,20,5,8,41,21],[40,31,6,34,38,32,2,39],[19,22,5,3,39,1,16,31]]
[[38,3,15,10,23,20,32,8],[32,3,18,20,6,27,29,36],[21,33,23,32,24,22,18,41],[33,0,24,34,28,38,0,11],[28,28,33,15,36,25,27,37],[24,15,29,41,20,18,17,2],[21,30,17,22,4,31,39,6],[29,40,31,20,6,26,6,2],[13,3,40,34,33,40,22,34],[35,25,2,36,40,15,1,31],[14,4,5,30,32,38,41,9],[16,4,29,18,17,37,5,0],[27,30,38,1,31,41,35,2],[39,19,35,21,23,0,5,25],[3,5,1,16,19,36,7,26],[22,35,25,27,39,26,19,16],[34,24,12,39,16,37,1,23],[4,28,21,19,17,37,30,26]]
[[19,30,25,3,29,33,24,14],[27,40,21,19,31,27,10,3],[22,27,21,5,32,22,34,28],[17,39,33,6,0,27,39,36],[35,32,21,9,33,0,32,34],[18,37,28,11,16,0,37,16],[23,12,6,23,3,25,23,19],[15,17,33,15,2,20,1,41],[39,29,40,38,30,34,28,41],[4,4,7,38,37,15,17,22],[16,40,24,29,2,32,25,6],[24,39,30,26,35,41,26,36],[36,1,6,17,20,31,8,5],[31,35,16,30,2,22,40,26],[24,34,5,3,1,29,19,35],[18,1,31,15,5,37,13,18],[18,26,23,21,0,41,28,4],[36,38,20,20,25,38,2,4]]
[[15,41,40,36,1,40,19,19],[21,34,21,41,0,18,31,9],[28,37,29,35,32,20,34,8],[38,24,0,13,22,5,38,12],[11,18,28,4,27,4,18,15],[16,24,22,24,1,21,25,30],[30,17,16,22,15,26,30,29],[37,7,33,38,27,3,2,3],[20,6,35,28,24,31,6,2],[39,28,36,18,29,25,39,32],[10,5,36,27,34,32,23,37],[20,31,1,40,2,35,4,30],[34,29,3,35,14,33,2,17],[16,23,17,19,23,26,21,25],[41,17,16,6,41,3,23,36],[5,15,0,5,25,40,39,26],[27,31,33,0,39,32,19,33],[20,26,4,38,22,1,37,6]]
[[3,33,37,1,2,28,15,32],[37,11,41,15,25,29,6,35],[24,18,32,33,24,23,24,29],[1,25,21,35,32,39,4,22],[0,21,19,2,16,3,4,34],[3,16,22,18,15,6,28,30],[31,5,18,40,28,20,31,30],[41,40,22,0,25,27,9,6],[18,17,33,31,38,19,36,1],[5,38,17,34,14,5,25,13],[37,27,16,30,38,1,31,36],[27,23,15,35,12,34,19,34],[4,2,24,28,21,39,38,39],[10,4,27,39,30,32,5,36],[36,8,23,40,20,20,6,26],[26,26,33,40,0,16,37,17],[21,2,17,26,41,20,22,29],[35,23,0,19,7,41,29,3]]
[[15,35,24,39,31,33,29,38],[29,20,34,28,28,12,1,16],[7,28,9,30,4,34,3,29],[18,14,4,26,36,18,23,28],[21,13,41,21,27,41,18,40],[0,21,0,33,25,41,33,25],[32,21,36,17,6,27,15,34],[3,37,10,22,16,31,3,2],[4,0,31,22,19,30,38,39],[38,0,6,38,22,25,34,6],[23,26,30,37,22,17,1,19],[5,3,32,1,5,35,40,15],[2,27,1,5,4,17,23,24],[11,35,35,30,16,24,39,16],[36,40,25,40,20,2,15,27],[24,37,41,32,31,8,18,39],[36,20,37,20,19,23,2,17],[26,26,6,33,19,5,32,29]]
[[38,28,24,21,12,37,32,3],[19,3,16,32,26,8,41,17],[24,26,19,28,6,27,1,23],[40,34,24,33,25,35,39,18],[32,3,20,2,4,35,34,6],[20,31,29,38,2,5,13,1],[36,33,5,30,16,27,29,27],[37,20,21,0,5,41,41,23],[36,29,1,0,4,22,16,0],[6,28,35,19,35,31,15,38],[17,15,29,40,16,7,34,2],[36,25,10,15,18,22,38,26],[27,30,40,4,18,4,22,6],[22,39,11,30,40,37,24,2],[33,33,39,23,14,31,25,26],[41,21,25,1,39,3,0,34],[18,17,37,5,23,36,9,21],[15,19,20,31,32,17,28,30]]
[[33,24,41,31,38,2,17,23],[15,5,5,41,18,23,40,17],[29,40,31,16,18,32,1,34],[16,3,6,32,22,32,26,9],[27,3,4,29,24,2,30,4],[23,37,24,27,25,19,15,32],[8,0,2,6,26,38,37,33],[21,14,35,34,22,18,16,0],[21,39,25,41,40,20,4,17],[19,37,30,24,29,26,15,15],[25,39,17,40,23,33,13,41],[21,28,0,30,2,22,1,1],[29,38,30,39,6,10,19,36],[36,3,25,21,19,31,33,1],[35,31,27,28,7,12,6,5],[0,34,20,37,20,38,39,3],[35,20,28,11,18,26,36,5],[27,28,4,36,34,35,22,16]]
[[35,3,28,35,5,19,24,31],[37,17,0,2,0,29,38,40],[17,6,33,38,30,21,36,17],[32,27,1,17,13,21,24,35],[6,24,36,40,16,21,22,16],[6,29,26,38,39,23,41,26],[41,1,22,40,8,1,31,18],[15,27,31,20,5,38,30,16],[4,18,24,15,33,26,5,34],[19,25,23,21,4,3,7,32],[28,3,39,34,26,23,18,20],[27,41,11,6,39,32,19,15],[25,20,25,36,34,37,0,2],[31,22,29,34,32,9,1,35],[39,23,19,2,5,3,16,22],[33,14,28,18,2,0,30,36],[41,28,4,40,27,10,15,33],[29,4,37,25,20,37,12,30]]
[[31,19,1,25,16,32,37,5],[18,5,30,28,41,30,17,33],[34,32,36,26,38,24,16,9],[37,13,23,19,14,3,29,8],[15,40,35,38,29,36,10,26],[30,38,37,41,7,2,4,5],[33,35,28,33,34,32,23,12],[35,37,27,36,6,35,40,2],[4,26,20,32,25,16,3,15],[1,28,39,21,27,2,27,0],[40,33,21,34,6,6,36,23],[20,21,31,25,22,20,34,26],[0,15,1,1,23,0,17,21],[5,22,0,3,28,18,16,22],[31,4,29,39,15,24,40,30],[39,22,31,29,17,25,11,3],[19,18,19,38,24,27,4,41],[6,20,39,41,24,18,2,17]]
[[4,4,34,32,2,27,38,41],[35,24,15,17,39,18,19,25],[40,40,34,39,30,25,41,17],[29,16,18,33,1,30,2,31],[37,38,31,38,28,31,32,31],[37,14,2,38,18,27,36,29],[34,36,20,21,21,16,28,29],[26,28,17,20,41,11,30,27],[9,10,3,35,5,28,6,30],[0,37,29,23,26,32,5,35],[1,22,22,15,0,3,24,33],[22,5,1,16,24,33,0,0],[37,18,4,23,32,6,3,21],[25,21,26,19,24,6,16,17],[19,15,15,27,40,41,36,6],[36,40,23,7,34,25,20,39],[35,26,22,2,4,33,5,23],[20,13,39,1,19,8,12,3]]
[[32,12,13,33,22,41,4,18],[18,38,29,36,40,17,15,34],[41,32,3,16,35,3,36,23],[32,31,18,19,31,6,24,8],[4,29,2,20,30,39,27,21],[25,37,24,40,1,24,25,17],[19,35,30,35,4,15,2,30],[28,37,7,16,33,31,17,38],[1,16,5,6,32,26,24,26],[3,34,19,11,0,36,5,0],[33,40,6,2,33,40,27,38],[26,15,9,21,27,22,2,5],[0,28,25,29,30,27,25,20],[3,15,37,21,18,1,39,38],[31,39,22,20,26,1,36,0],[21,6,10,39,34,35,23,23],[16,28,20,5,19,29,17,34],[28,37,4,41,41,23,22,14]]
[[18,30,40,0,38,30,15,16],[28,23,12,19,32,4,22,3],[1,4,25,37,17,9,27,6],[19,13,11,37,1,35,26,27],[21,0,32,26,34,6,21,28],[37,24,10,25,38,22,39,7],[31,0,29,32,38,36,40,14],[33,22,27,29,19,26,39,2],[1,26,41,6,36,35,28,20],[23,0,20,35,33,41,20,3],[5,34,30,41,3,4,38,36],[31,40,24,35,18,36,27,19],[2,2,24,3,33,41,15,5],[25,29,28,4,21,34,37,16],[8,29,2,32,31,40,16,18],[34,31,25,30,17,15,6,20],[5,1,17,18,23,21,23,39],[39,15,24,22,16,17,33,5]]
[[5,40,15,18,19,25,26,11],[6,17,0,24,6,22,1,3],[25,30,6,24,35,2,4,39],[29,4,40,31,36,34,22,17],[31,38,35,41,30,2,23,40],[35,5,33,28,20,20,28,30],[25,0,7,20,26,33,27,2],[27,24,16,21,36,28,22,27],[19,0,3,15,38,30,33,12],[31,18,41,17,16,19,34,21],[39,5,3,39,4,29,0,9],[1,37,34,28,25,37,24,16],[32,22,41,29,33,19,32,21],[31,26,32,26,23,17,2,34],[38,20,18,23,6,38,32,36],[21,37,36,3,35,40,10,15],[23,4,39,13,5,1,18,1],[15,16,41,14,29,27,8,37]]
[[27,1,19,41,35,4,20,38],[0,33,30,20,36,0,21,23],[3,24,31,17,24,39,15,36],[22,41,26,25,26,23,24,25],[4,2,21,24,6,23,34,32],[17,21,26,3,21,22,1,11],[7,33,27,28,5,32,16,29],[30,2,18,20,32,37,37,40],[33,28,12,1,13,35,18,16],[25,6,37,14,36,10,29,3],[4,20,18,4,23,29,40,30],[34,19,15,1,37,15,32,17],[15,34,16,0,38,41,27,41],[17,2,31,18,5,22,19,35],[0,25,27,40,39,38,28,6],[39,29,8,26,30,3,16,40],[34,36,5,31,9,31,28,5],[22,35,38,6,39,33,2,19]]
[[26,37,3,33,39,35,31,38],[23,39,19,7,1,2,22,18],[24,12,20,37,13,3,17,6],[22,4,0,28,17,32,29,41],[21,29,41,40,18,5,21,25],[21,0,33,15,36,34,18,23],[23,25,5,35,9,37,28,0],[40,34,35,26,2,3,4,29],[33,22,40,15,25,31,17,17],[32,21,19,19,1,16,28,32],[6,30,6,32,27,18,36,20],[27,4,15,24,36,20,16,10],[38,0,2,25,31,38,29,1],[8,30,36,3,41,4,26,39],[28,22,14,6,40,23,34,15],[30,26,30,34,37,27,20,24],[1,27,5,19,16,41,5,39],[38,33,2,35,31,24,16,11]]
[[1,18,30,4,28,21,32,34],[17,25,6,34,32,25,2,3],[16,15,28,31,1,27,11,37],[16,39,15,31,4,18,26,21],[24,33,17,13,4,40,25,38],[5,37,23,30,28,19,29,0],[19,32,0,2,27,3,31,1],[9,10,39,6,26,20,29,22],[26,40,36,2,3,23,25,5],[16,18,23,27,5,12,7,19],[18,27,33,24,35,40,20,21],[6,2,14,41,41,19,32,20],[41,36,22,34,17,36,15,24],[15,33,0,40,35,28,33,34],[5,23,24,17,21,26,35,6],[30,3,41,29,29,38,39,1],[16,38,38,8,22,20,31,30],[37,35,37,0,39,4,36,22]]
[[29,27,16,41,2,27,20,32],[1,16,27,40,6,29,6,31],[36,4,36,19,35,28,20,23],[17,22,33,28,2,35,17,19],[28,5,18,35,32,15,35,22],[13,25,26,20,32,21,18,33],[33,24,38,23,0,28,38,5],[25,26,10,39,18,6,34,34],[21,40,37,31,6,9,21,15],[17,31,41,3,0,39,7,20],[31,32,30,38,24,29,1,36],[11,25,4,41,24,15,26,33],[17,36,27,4,16,25,2,3],[15,37,30,29,0,14,40,3],[34,30,8,0,40,19,26,39],[22,12,5,22,19,18,3,1],[37,2,1,23,23,37,39,16],[41,5,38,34,4,24,30,21]]
[[33,6,21,3,35,36,1,29],[28,17,18,18,38,38,0,16],[20,20,32,23,24,24,1,29],[5,39,37,40,32,17,5,5],[16,19,4,24,25,40,27,33],[30,3,37,31,33,33,20,29],[29,5,6,23,21,27,1,36],[35,19,15,25,26,4,4,17],[10,7,15,28,0,0,32,39],[22,26,39,18,27,6,6,41],[13,37,21,3,34,21,19,34],[30,25,17,26,2,25,37,31],[38,27,30,31,39,38,12,34],[0,14,41,26,2,8,41,4],[36,3,32,16,22,20,41,9],[35,22,35,31,28,23,15,22],[18,23,19,2,30,1,40,11],[40,36,34,2,28,15,24,16]]
[[38,0,10,15,25,5,37,6],[30,5,34,35,41,15,16,30],[30,17,24,25,23,30,16,27],[31,16,40,27,0,1,1,26],[33,41,9,3,6,33,32,3],[26,3,4,39,8,17,25,26],[16,21,25,23,31,35,36,15],[38,22,34,0,21,32,13,35],[15,0,1,40,5,31,36,4],[19,20,7,18,33,22,27,6],[28,29,11,20,3,24,37,39],[26,40,14,22,29,32,5,39],[18,34,39,35,29,4,24,36],[1,2,32,20,28,21,19,2],[34,40,41,6,28,4,17,38],[29,19,41,22,18,37,33,37],[17,31,28,19,2,27,24,20],[12,38,23,21,2,36,18,23]]
[[24,17,1,28,39,32,35,16],[0,30,4,5,36,5,33,37],[34,22,21,4,24,27,38,6],[32,19,20,16,23,16,35,31],[22,5,38,38,39,21,25,7],[22,25,26,6,34,14,18,3],[36,4,1,32,31,9,2,18],[6,32,4,19,38,2,40,27],[35,23,24,41,10,11,18,30],[3,27,16,21,27,30,37,29],[12,23,37,20,40,41,13,41],[6,26,40,25,30,0,41,17],[33,40,39,2,21,5,37,28],[35,33,28,34,1,15,18,15],[29,34,3,31,24,3,1,39],[0,15,28,19,26,22,31,29],[20,2,29,17,23,17,20,36],[36,15,26,8,0,25,19,33]]
[[37,25,36,22,15,32,30,39],[21,32,27,2,26,6,24,26],[0,34,37,15,39,7,35,29],[26,41,21,39,35,36,40,18],[15,1,22,33,11,36,26,31],[41,35,12,6,33,23,0,40],[38,38,14,32,2,19,19,18],[23,32,4,17,4,31,20,2],[18,34,16,39,20,16,0,1],[23,38,3,0,19,22,3,31],[22,24,36,33,29,8,1,37],[5,25,24,2,24,3,27,6],[18,15,34,29,16,31,9,28],[30,5,20,30,17,28,40,34],[1,27,4,37,5,17,21,30],[28,28,35,16,6,21,17,4],[10,23,41,13,25,20,29,25],[38,33,5,40,27,41,3,19]]
[[25,25,28,6,16,12,35,33],[33,4,23,18,4,40,40,24],[30,34,2,39,37,17,1,41],[28,3,2,24,27,0,31,33],[15,5,19,21,34,24,21,13],[8,2,19,22,15,6,30,23],[35,19,26,36,27,22,29,41],[32,23,20,11,28,28,25,17],[15,29,26,21,41,3,31,32],[24,37,40,22,37,18,17,14],[25,34,19,4,7,26,18,32],[27,38,17,6,16,40,35,27],[38,39,15,31,5,36,20,29],[16,16,36,39,1,2,37,0],[18,3,22,9,23,38,21,33],[32,0,31,34,1,4,30,0],[35,5,6,38,29,3,39,30],[20,1,41,20,5,10,26,36]]
[[15,2,36,41,35,0,26,38],[41,15,33,31,8,35,18,19],[36,26,28,7,23,0,22,25],[11,23,38,30,23,0,20,24],[34,33,31,20,30,17,28,6],[5,32,20,18,19,21,27,16],[31,6,27,5,38,29,34,6],[41,0,27,36,35,30,4,28],[15,40,1,41,26,19,10,35],[9,37,22,22,33,32,40,4],[39,4,37,4,38,3,37,13],[18,1,25,29,29,24,40,31],[3,29,34,23,12,24,37,27],[2,28,5,1,21,16,16,5],[39,14,16,33,22,1,39,19],[25,40,20,3,24,21,17,32],[15,3,21,25,2,17,26,32],[6,17,2,39,36,34,18,30]]
[[34,15,5,36,16,28,32,32],[33,18,26,31,2,32,21,16],[25,41,23,5,19,39,24,30],[38,39,33,30,5,25,3,40],[34,28,4,23,41,21,18,35],[39,38,20,19,17,22,35,19],[4,24,31,33,20,9,3,31],[1,1,35,29,27,2,15,24],[10,0,28,36,12,4,27,33],[3,29,15,31,14,6,36,39],[11,35,25,16,34,26,23,13],[0,22,6,41,2,17,15,32],[29,16,25,29,2,36,19,26],[20,6,7,34,5,21,17,17],[38,21,4,41,0,28,6,40],[3,30,22,22,37,37,20,27],[0,40,8,1,1,18,38,27],[37,24,26,40,37,18,30,23]]
[[39,24,14,2,29,40,32,35],[4,18,2,3,1,30,26,35],[21,38,20,37,0,17,28,5],[33,17,37,39,23,16,23,31],[16,28,30,10,2,1,24,41],[16,32,24,33,33,35,19,24],[20,27,40,27,21,4,19,39],[27,0,15,0,32,37,6,15],[36,29,26,28,37,18,15,19],[26,40,6,19,0,41,25,41],[4,20,39,25,16,21,28,21],[34,26,38,31,31,15,29,5],[22,9,6,8,22,6,13,23],[25,23,7,3,22,1,5,4],[35,12,30,29,38,34,33,20],[27,3,18,36,1,25,3,34],[34,36,36,11,38,41,2,18],[31,17,17,40,30,5,32,22]]
[[25,2,9,40,23,20,27,39],[0,37,17,20,36,3,28,35],[10,18,5,35,1,30,40,5],[35,32,5,21,2,30,5,19],[37,18,14,41,1,1,29,19],[16,16,6,32,7,31,35,38],[23,19,3,26,34,1,33,36],[33,39,2,21,28,12,23,34],[38,32,3,15,25,34,25,31],[28,27,15,24,28,4,27,2],[4,23,13,21,17,18,25,17],[36,20,20,30,6,16,8,41],[32,30,33,26,4,37,3,26],[38,0,29,29,31,0,39,22],[39,26,37,16,41,4,29,24],[27,22,22,36,24,34,40,18],[38,41,40,24,0,6,19,21],[22,15,33,11,6,15,17,31]]
[[23,35,39,1,20,24,6,31],[13,21,21,19,33,17,11,6],[38,1,1,4,15,34,40,20],[18,41,20,4,5,26,14,16],[12,29,38,36,10,37,0,36],[6,17,28,23,41,16,4,3],[39,25,0,27,38,38,23,32],[4,18,28,31,5,34,32,26],[23,29,32,28,1,15,27,25],[17,33,39,6,7,35,2,41],[41,2,17,5,19,37,22,32],[29,15,18,25,40,26,34,16],[30,19,35,22,25,37,40,33],[15,24,39,26,19,8,27,3],[22,36,30,21,40,2,21,3],[0,20,31,18,31,16,3,27],[0,35,30,34,5,9,30,22],[36,29,28,2,24,33,37,24]]
[[21,33,30,34,16,18,0,40],[30,32,25,36,37,33,37,0],[30,17,30,18,21,28,35,32],[19,15,29,3,7,23,35,27],[4,36,6,1,20,4,26,5],[14,39,32,5,6,24,23,38],[19,22,24,26,26,21,38,15],[34,33,16,38,3,33,18,13],[39,40,15,28,31,16,2,40],[25,11,32,41,39,27,22,29],[36,0,9,1,2,1,37,20],[27,19,20,34,23,40,29,17],[6,31,28,25,37,20,17,27],[41,35,4,25,0,1,18,41],[23,31,36,24,35,5,6,12],[22,16,39,2,8,10,41,22],[28,15,4,38,19,3,5,26],[21,31,2,24,29,3,34,17]]
[[34,17,3,20,39,23,18,38],[15,1,34,29,19,29,8,22],[11,4,41,18,0,26,37,16],[30,27,20,31,6,31,9,1],[32,2,35,38,15,30,37,18],[34,41,35,6,19,15,7,16],[4,27,1,36,21,6,16,28],[3,5,21,25,22,40,33,36],[12,0,25,5,21,28,19,37],[1,23,10,20,32,17,22,24],[36,26,33,36,33,32,2,39],[0,2,24,15,19,32,30,41],[38,30,16,3,4,23,23,26],[5,0,14,20,17,31,40,24],[35,17,5,24,29,27,28,39],[33,29,3,4,26,34,35,2],[40,22,38,18,27,31,40,41],[37,39,28,25,25,13,21,6]]
[[41,17,1,22,36,14,17,4],[2,35,27,29,26,37,41,31],[4,38,28,6,25,22,5,10],[35,15,6,21,16,20,8,38],[0,16,21,6,17,29,19,25],[26,27,31,5,39,37,5,18],[9,33,4,4,38,33,40,36],[32,34,26,33,30,23,19,25],[12,39,17,0,28,28,32,24],[7,15,40,0,22,16,23,27],[30,19,21,39,1,24,29,1],[41,2,34,22,0,37,38,31],[26,21,5,36,3,27,39,30],[3,28,3,41,35,29,34,18],[19,24,32,37,18,31,23,16],[40,30,2,25,34,6,33,15],[15,20,20,24,35,2,32,20],[18,13,36,11,3,23,1,40]]
[[21,30,3,4,19,37,4,11],[16,20,41,1,22,8,15,24],[23,41,32,0,35,18,35,24],[40,15,29,15,29,30,3,29],[37,2,0,33,6,22,26,23],[20,1,2,37,18,40,17,27],[29,35,28,22,27,36,18,39],[1,25,0,27,17,26,6,36],[25,19,32,26,31,24,6,0],[16,5,4,34,34,16,32,25],[24,27,34,36,40,28,10,41],[36,3,38,9,1,12,30,15],[17,25,40,23,16,33,39,32],[41,31,19,17,14,7,5,21],[30,19,5,20,6,3,22,18],[21,2,23,38,31,28,38,39],[34,35,5,33,26,31,13,28],[37,20,33,39,21,2,38,4]]
[[40,9,22,24,39,24,2,31],[33,6,15,6,1,19,41,39],[20,19,34,33,4,36,32,32],[32,38,39,26,37,0,21,38],[35,17,23,16,5,40,31,18],[0,41,1,17,35,39,23,24],[36,38,34,28,20,21,35,25],[25,26,5,15,18,30,40,29],[41,20,20,14,37,25,33,41],[40,2,18,16,24,29,31,38],[35,17,36,23,26,30,36,5],[17,11,27,3,8,1,19,32],[3,4,29,21,22,33,21,16],[25,18,27,30,5,3,4,22],[37,2,15,37,27,13,3,29],[26,31,0,30,28,34,15,7],[16,22,6,28,19,34,27,10],[1,2,12,0,28,23,6,4]]
[[30,22,2,18,25,40,39,28],[24,20,5,5,11,0,22,25],[17,27,29,29,23,24,31,3],[37,35,32,29,18,41,34,4],[40,19,24,28,20,37,30,27],[35,39,34,22,32,22,0,38],[26,0,15,1,21,23,15,37],[19,21,1,12,6,16,16,40],[4,21,33,32,38,34,34,17],[33,17,23,30,36,33,19,29],[30,13,36,28,19,35,4,31],[36,1,6,1,38,16,5,18],[0,2,25,18,21,41,3,38],[20,24,4,26,23,5,39,33],[39,26,14,7,6,10,32,17],[6,15,9,16,26,3,3,20],[8,40,2,31,36,37,35,15],[25,41,31,27,28,27,2,41]]
[[31,35,28,25,35,14,24,32],[3,0,39,17,31,36,1,38],[24,36,26,1,40,13,24,10],[40,17,27,41,30,22,4,15],[17,23,4,18,22,34,27,18],[28,31,0,6,37,32,35,7],[3,6,20,6,2,21,29,15],[23,27,36,0,32,36,28,16],[8,33,24,26,2,16,30,2],[16,25,19,23,41,38,1,11],[32,22,34,37,4,25,2,22],[20,18,41,34,15,38,12,41],[28,33,21,19,29,19,17,39],[23,5,34,26,9,4,27,39],[19,1,3,35,40,39,37,30],[20,21,26,21,20,15,33,5],[38,29,30,5,29,6,25,37],[31,18,40,16,5,33,0,3]]
[[0,32,24,20,18,24,19,31],[20,4,31,2,40,4,20,27],[28,37,35,33,39,29,26,34],[5,26,15,2,36,12,16,18],[38,22,22,37,28,3,32,30],[21,33,27,23,1,21,16,23],[19,6,37,30,17,19,17,39],[3,39,1,38,38,40,28,35],[19,22,4,23,5,30,5,27],[4,25,21,8,32,11,0,24],[29,18,35,30,36,15,1,6],[26,27,31,13,18,35,16,25],[34,9,16,15,25,34,6,21],[28,34,22,0,41,6,40,40],[20,15,1,3,33,7,10,36],[37,25,41,5,31,36,17,17],[0,32,14,29,33,41,2,29],[38,26,24,3,39,23,41,2]]
[[28,38,19,35,35,36,23,24],[20,2,32,18,21,19,37,40],[30,36,16,30,32,22,29,27],[0,37,33,15,30,29,19,20],[24,40,4,14,18,5,18,21],[28,28,6,30,5,6,2,36],[29,27,25,26,3,22,15,39],[5,34,26,39,21,38,34,7],[8,1,32,23,16,12,9,4],[40,25,17,27,34,2,0,6],[16,24,29,37,34,0,19,41],[31,33,17,33,24,25,1,33],[18,39,22,20,1,17,40,16],[25,41,31,13,11,31,3,41],[31,37,35,4,15,21,28,2],[26,38,22,4,1,35,39,23],[20,23,17,10,6,27,3,36],[5,26,38,15,3,41,32,0]]
[[26,12,3,40,2,20,27,32],[32,6,17,40,3,18,6,38],[22,21,27,34,39,38,15,17],[19,6,32,37,10,3,36,30],[26,25,33,22,23,13,30,38],[29,14,4,0,22,1,15,2],[41,21,34,3,22,34,18,1],[36,31,19,28,33,33,4,20],[29,24,26,15,37,38,5,5],[4,8,17,35,27,5,19,40],[0,39,23,37,20,16,33,1],[26,29,24,40,23,37,17,16],[24,23,35,39,9,4,28,31],[41,20,41,21,32,15,35,24],[18,19,0,25,36,27,18,16],[39,2,30,36,11,25,30,5],[21,6,2,41,29,34,25,7],[31,16,35,31,28,28,1,0]]
[[15,34,35,34,37,6,41,4],[29,18,39,3,19,16,34,11],[31,22,39,27,35,36,28,6],[24,21,29,32,13,28,3,37],[6,21,19,36,33,31,27,27],[18,25,24,21,20,16,0,20],[36,29,26,38,27,31,2,18],[30,22,25,3,4,6,20,28],[26,1,30,23,36,12,41,41],[38,35,30,16,7,5,4,38],[33,8,33,40,17,23,24,5],[0,5,1,23,0,32,28,2],[40,15,19,15,26,1,18,3],[22,10,2,15,39,23,37,40],[21,20,17,2,33,24,26,9],[30,17,37,19,38,34,5,32],[17,22,40,14,41,29,4,0],[39,35,31,16,1,25,25,32]]
[[5,29,1,26,6,38,13,14],[30,33,21,2,30,37,36,41],[35,23,32,21,16,20,29,8],[23,4,39,21,9,7,26,31],[41,16,23,38,25,40,0,32],[0,31,19,10,19,19,25,34],[12,40,35,20,23,2,20,37],[38,15,40,34,22,41,34,27],[39,16,38,24,11,3,28,3],[33,35,26,21,18,26,27,6],[28,36,31,22,5,27,32,15],[5,17,33,18,4,28,16,24],[29,0,17,39,41,22,34,3],[39,17,18,6,30,24,20,37],[30,4,18,27,22,17,31,36],[3,5,15,24,29,32,37,6],[1,33,36,40,35,0,1,2],[1,2,25,15,19,4,28,25]]
[[5,5,27,39,5,6,0,17],[34,31,33,1,24,30,15,23],[19,9,26,21,28,6,25,19],[38,31,26,4,2,35,41,19],[26,40,6,24,22,35,16,4],[18,21,2,40,10,33,17,25],[3,20,5,2,19,29,17,33],[12,13,37,39,27,34,14,35],[29,1,28,15,28,34,30,37],[35,0,32,41,20,29,30,29],[25,16,3,28,36,40,18,23],[33,40,21,38,36,24,15,15],[23,27,37,18,0,32,32,36],[22,41,39,30,22,3,21,25],[34,38,32,20,6,26,7,4],[22,11,3,16,8,0,18,20],[41,31,38,2,23,4,1,1],[37,24,16,27,17,31,36,39]]
[[11,25,21,19,24,30,41,6],[6,4,16,5,3,7,38,30],[37,3,4,16,37,25,31,27],[38,22,23,21,29,36,17,35],[2,41,33,39,31,3,22,33],[15,5,32,1,19,25,5,31],[35,28,26,34,14,17,27,23],[10,17,26,0,22,27,15,5],[35,13,28,39,29,2,40,37],[20,33,30,23,6,23,2,40],[41,38,16,38,1,3,19,40],[15,27,32,39,6,32,22,18],[32,18,30,36,1,4,18,21],[15,1,17,12,0,21,28,20],[37,36,0,26,20,40,34,19],[33,34,20,24,9,28,29,25],[36,39,29,4,16,26,18,31],[35,34,24,8,24,2,41,0]]
[[15,31,6,27,25,22,2,24],[27,35,20,7,19,18,33,20],[36,6,17,0,41,37,37,5],[41,34,36,36,1,18,39,3],[29,10,0,26,15,41,28,17],[18,1,2,30,34,9,24,22],[39,24,1,29,23,38,5,15],[32,3,18,31,25,38,6,32],[40,32,33,15,24,19,37,21],[21,19,26,29,35,17,31,30],[39,17,5,38,23,28,36,26],[21,34,2,33,0,20,11,13],[33,26,41,16,29,23,3,25],[2,3,35,30,32,6,40,37],[40,40,4,31,39,35,4,22],[25,38,14,21,12,27,4,20],[16,28,30,16,28,1,27,16],[23,8,22,0,34,19,4,5]]
[[17,28,3,22,4,7,40,17],[30,12,10,3,38,13,5,17],[23,17,23,24,25,26,36,27],[33,15,39,35,28,11,39,30],[1,25,20,31,19,5,18,34],[35,32,6,2,35,32,21,29],[1,25,21,25,24,28,6,18],[14,37,24,23,24,34,27,2],[32,21,23,36,33,16,3,32],[22,34,19,18,0,39,1,34],[30,16,30,37,39,2,29,35],[0,37,26,20,40,19,36,16],[4,22,3,41,0,16,26,5],[21,33,22,41,5,37,2,33],[26,1,8,15,38,4,41,9],[6,38,6,19,15,40,41,29],[28,38,18,27,31,40,36,29],[4,31,15,0,31,20,27,20]]
[[19,35,23,26,22,0,4,11],[39,23,35,41,17,38,33,19],[35,25,15,28,39,16,3,40],[36,4,38,25,20,18,16,15],[31,28,7,24,29,35,40,34],[32,15,39,2,1,14,18,37],[24,21,6,3,30,19,16,36],[1,1,31,21,23,2,37,36],[8,18,17,26,32,17,31,29],[24,27,27,2,33,32,30,22],[26,19,12,0,24,20,5,20],[33,5,28,5,36,4,10,34],[9,37,21,33,28,34,39,32],[30,40,6,22,29,2,22,41],[20,21,41,41,15,38,13,25],[27,34,30,16,40,37,17,27],[23,26,3,29,4,6,0,25],[31,18,5,1,38,6,0,3]]
[[28,4,31,39,26,41,0,39],[3,28,15,25,37,20,40,31],[19,37,29,33,41,34,19,6],[7,6,21,15,18,34,41,6],[29,13,2,20,33,29,17,11],[5,40,16,40,24,30,1,41],[5,8,22,16,20,21,30,3],[17,16,2,1,32,37,6,38],[26,4,4,30,38,26,3,15],[23,5,25,16,4,27,24,35],[2,33,28,38,25,22,36,23],[0,14,35,30,17,23,28,12],[21,21,38,40,39,25,37,23],[29,19,27,3,1,10,34,22],[2,39,36,1,33,26,9,32],[0,17,31,32,35,18,24,18],[27,27,34,32,18,24,35,0],[36,5,22,19,36,31,20,15]]
[[33,15,25,2,30,17,6,4],[5,32,22,5,23,33,20,15],[41,32,30,31,12,24,25,29],[26,20,27,4,27,18,16,38],[21,20,27,34,25,0,30,38],[2,22,18,34,18,34,5,3],[40,19,4,27,17,10,0,37],[21,17,39,37,35,29,24,16],[26,6,37,16,39,31,0,37],[5,29,41,19,35,7,35,28],[14,2,40,19,39,40,9,4],[41,28,35,17,8,36,15,25],[24,13,6,33,15,30,36,33],[21,39,34,2,23,36,1,31],[28,24,0,38,21,19,40,3],[16,36,41,22,26,38,6,26],[28,32,1,23,3,29,20,31],[3,18,22,1,32,11,23,1]]
[[33,15,16,22,24,3,27,34],[19,32,2,17,23,24,6,5],[40,5,17,28,3,41,21,16],[40,20,25,8,34,0,4,17],[17,33,30,36,30,20,15,10],[9,24,0,36,4,39,22,27],[31,39,6,29,12,35,18,6],[15,38,25,32,30,5,37,21],[7,0,21,39,18,29,32,22],[27,0,4,3,31,41,34,5],[34,19,16,29,4,35,32,16],[25,2,38,33,38,1,40,23],[29,19,15,2,27,35,18,23],[23,1,25,36,19,38,41,6],[28,37,1,11,37,26,36,39],[37,20,3,22,20,31,26,21],[31,24,2,28,1,18,28,30],[33,35,14,40,26,41,26,13]]
[[23,18,20,15,25,8,6,5],[18,1,33,5,24,37,5,35],[37,21,6,17,34,40,30,17],[21,28,31,38,15,22,30,19],[6,7,16,0,9,0,23,31],[20,37,4,27,6,22,15,29],[24,4,38,3,28,24,13,36],[29,5,12,25,3,32,0,16],[26,1,21,39,26,16,25,27],[35,34,33,36,18,32,10,11],[33,29,39,3,19,41,22,25],[38,17,40,29,23,15,38,27],[24,31,17,32,34,36,23,39],[28,26,33,31,2,40,20,1],[32,1,18,37,14,2,19,34],[39,28,30,2,30,35,2,40],[4,20,36,26,3,41,22,41],[27,19,21,0,35,41,4,16]]
[[35,31,0,29,32,19,1,25],[5,23,24,18,17,24,15,21],[4,38,5,20,37,16,0,39],[3,6,37,4,1,29,9,34],[1,4,3,36,22,40,31,26],[18,28,26,37,23,32,2,8],[15,11,16,36,34,20,10,1],[28,41,28,33,36,19,27,14],[6,39,19,18,15,34,16,32],[31,30,33,16,0,25,6,4],[22,29,39,36,2,22,24,30],[22,26,17,34,40,33,15,23],[38,41,38,12,38,24,21,21],[27,23,19,7,28,5,40,5],[41,2,20,35,29,17,20,30],[37,35,3,35,27,27,32,6],[0,2,33,31,25,17,26,13],[3,21,40,41,25,18,39,30]]
[[15,21,36,12,2,31,27,25],[41,34,33,23,32,38,17,1],[40,6,18,31,36,38,25,36],[38,6,18,20,18,15,24,33],[4,6,2,21,16,19,14,1],[28,28,6,22,3,8,37,24],[20,25,39,35,32,37,29,32],[30,23,20,28,30,16,29,22],[19,17,35,1,19,17,2,3],[23,34,17,21,31,27,0,24],[37,41,15,39,40,5,5,33],[3,0,35,4,2,40,26,13],[22,19,41,9,37,16,32,11],[28,34,7,1,0,4,22,10],[36,25,3,31,0,38,20,23],[30,15,41,33,30,35,34,26],[27,5,39,40,29,5,16,18],[4,29,27,39,26,26,24,21]]
[[39,4,13,28,1,32,24,30],[31,36,37,15,25,34,22,5],[24,17,16,33,40,11,26,28],[25,0,18,15,28,35,3,33],[16,27,12,2,30,5,33,3],[20,1,37,20,17,34,9,17],[18,4,36,19,29,22,31,23],[40,4,16,23,5,36,1,32],[22,25,37,2,19,39,21,41],[35,40,16,38,32,29,34,15],[2,27,6,4,29,19,38,30],[18,39,41,6,5,21,24,19],[22,8,20,27,38,39,35,24],[26,3,3,0,0,26,31,15],[20,25,6,23,33,37,14,34],[1,31,41,18,32,29,41,30],[35,21,27,28,21,10,26,6],[7,17,36,0,2,40,23,38]]
[[5,35,16,15,23,32,4,11],[16,28,25,32,35,3,24,24],[40,40,38,21,23,17,40,33],[29,0,0,15,17,41,35,30],[34,7,30,27,22,2,38,5],[24,29,39,8,30,37,21,2],[2,1,19,20,0,22,39,34],[23,19,13,3,41,19,31,6],[38,12,26,16,39,18,5,1],[33,21,25,34,15,36,4,38],[30,9,27,36,15,3,4,32],[28,22,34,29,25,2,26,36],[6,37,18,26,20,18,18,21],[0,23,17,20,3,40,14,28],[27,27,31,31,41,33,4,36],[25,20,6,33,17,1,10,16],[1,39,26,24,5,35,28,32],[31,19,6,37,29,22,37,41]]
[[25,3,38,23,8,5,37,21],[19,27,21,16,25,20,4,21],[36,4,25,34,1,18,5,26],[24,33,33,30,17,40,2,28],[23,0,15,19,22,39,30,24],[0,41,30,0,1,5,36,16],[31,6,23,15,27,39,39,24],[6,32,40,32,10,38,34,15],[28,29,17,40,41,27,34,22],[35,21,41,7,25,9,20,29],[33,18,31,35,20,37,29,32],[14,38,39,15,26,4,23,29],[17,4,34,35,32,5,22,2],[18,41,0,30,33,1,12,1],[6,31,3,3,18,26,6,40],[16,28,24,35,26,16,28,27],[38,37,19,36,2,20,2,22],[3,31,37,11,19,13,17,36]]
[[35,16,6,33,22,30,4,18],[3,11,24,25,1,19,27,18],[18,22,5,26,31,37,20,27],[20,1,0,0,5,28,2,20],[24,39,16,15,35,16,29,5],[33,33,37,2,39,32,32,0],[12,40,36,16,31,38,29,21],[41,40,31,25,34,18,5,36],[32,0,38,22,1,19,24,34],[39,34,13,24,23,21,25,35],[28,23,33,15,26,27,4,3],[14,36,6,17,3,40,23,17],[32,40,4,41,7,30,9,37],[38,21,38,26,17,39,19,26],[29,21,15,2,19,3,37,25],[20,35,30,15,2,36,6,41],[23,29,30,8,28,10,27,4],[1,22,17,6,41,34,28,31]]
[[17,16,0,40,15,1,35,1],[25,30,4,33,0,32,26,18],[6,18,23,20,1,29,41,34],[12,17,29,3,33,28,9,16],[19,36,26,23,32,37,37,39],[32,6,34,24,1,25,11,36],[10,28,21,3,30,39,28,17],[27,38,0,28,18,4,7,8],[27,33,21,41,30,2,39,2],[23,6,33,35,41,4,19,22],[37,3,39,34,34,26,5,2],[32,16,20,15,5,27,0,24],[36,19,37,23,29,21,36,25],[5,14,29,24,20,38,4,38],[21,22,17,26,35,25,24,40],[13,30,22,19,41,27,22,15],[31,15,16,38,5,40,40,31],[6,35,20,31,2,18,3,31]]
[[31,19,40,18,3,5,4,17],[15,14,34,16,37,7,40,30],[18,22,33,3,25,41,37,4],[16,5,21,40,34,5,31,2],[27,35,1,27,37,22,23,20],[3,27,25,18,30,36,26,22],[24,3,25,38,16,38,39,24],[20,28,19,31,32,29,4,32],[30,38,26,21,23,26,23,11],[36,22,1,17,17,33,2,38],[6,37,24,15,21,25,18,12],[1,23,10,35,34,6,28,8],[36,40,6,28,28,32,0,2],[27,26,21,31,32,4,35,29],[39,41,29,19,16,15,15,17],[13,36,2,33,9,39,41,29],[0,1,34,39,41,20,6,19],[33,0,30,5,24,0,35,20]]
[[5,37,5,20,32,36,6,23],[2,21,19,17,32,1,40,8],[6,10,25,28,25,24,3,18],[30,24,19,26,39,34,30,22],[27,2,15,20,7,33,6,31],[39,26,27,15,17,27,20,5],[0,18,38,26,16,35,29,19],[41,38,0,35,21,39,0,41],[28,21,16,33,22,17,36,23],[29,2,0,3,11,29,18,12],[3,34,3,35,36,13,38,30],[31,17,16,39,4,40,6,31],[4,2,15,16,24,41,15,9],[34,38,23,20,1,19,36,33],[28,4,27,22,25,25,1,37],[40,30,5,41,23,21,37,24],[18,35,33,37,32,34,4,32],[26,40,31,14,29,22,28,1]]
[[36,3,16,25,39,23,31,14],[6,37,30,34,2,1,4,40],[31,39,21,40,20,3,41,35],[3,23,19,15,5,35,8,28],[37,15,27,0,39,1,12,37],[32,17,28,22,30,35,41,34],[22,36,28,11,33,30,21,16],[27,33,1,27,36,4,21,0],[24,2,29,0,30,7,41,25],[15,17,26,29,29,17,24,35],[26,4,28,22,27,1,18,9],[23,3,17,10,5,19,38,32],[2,6,25,33,6,18,13,20],[24,15,18,16,19,18,19,6],[41,32,21,38,23,39,31,26],[37,33,32,5,16,0,34,26],[38,25,20,38,29,24,22,5],[34,40,40,2,4,20,36,31]]
[[41,20,16,27,17,36,39,19],[36,27,7,21,25,38,32,33],[6,40,19,5,29,2,35,35],[41,34,8,3,24,41,10,18],[30,6,37,4,25,19,23,32],[20,39,31,27,29,18,22,0],[25,41,15,6,34,33,20,31],[32,29,15,14,2,27,37,12],[29,3,3,13,39,39,4,28],[26,18,21,37,16,34,31,22],[38,16,32,0,5,19,6,40],[26,20,18,25,21,0,35,15],[24,0,36,5,2,33,40,30],[15,3,28,23,34,40,36,4],[17,5,1,1,4,22,38,11],[30,23,17,1,23,1,21,30],[26,24,28,24,16,26,2,9],[33,38,22,35,37,28,31,17]]
[[23,2,23,2,26,22,41,28],[5,33,26,4,39,3,40,4],[4,18,2,21,27,38,34,32],[37,37,28,5,24,6,19,23],[36,16,39,28,29,30,33,25],[30,0,41,22,7,26,16,2],[40,27,21,36,14,11,29,6],[18,17,16,36,35,38,37,5],[17,3,18,20,32,10,5,13],[24,18,41,16,3,32,24,19],[29,28,6,15,38,15,40,33],[22,31,29,21,15,30,39,17],[34,19,15,0,30,19,33,22],[36,0,4,31,12,0,1,25],[23,25,34,27,34,20,35,9],[1,41,24,1,35,27,3,32],[39,40,17,6,1,38,31,20],[31,35,26,20,25,8,37,21]]
[[25,23,34,17,39,3,20,11],[10,32,41,13,28,0,30,29],[3,5,37,16,27,1,29,0],[9,4,38,15,28,36,39,20],[15,31,41,35,33,1,23,19],[3,39,5,36,18,6,27,17],[38,16,32,0,22,40,21,24],[14,6,19,23,18,36,15,35],[19,41,24,17,35,23,37,5],[22,6,28,38,6,26,22,30],[19,18,12,30,21,34,40,7],[4,16,25,2,2,1,31,37],[20,36,16,33,25,29,1,33],[0,15,2,24,32,41,26,4],[38,20,31,24,18,34,34,29],[22,33,27,28,27,40,17,2],[8,39,25,21,5,31,4,3],[26,35,26,30,32,37,40,21]]
[[23,33,9,27,30,21,30,17],[18,2,36,21,35,38,41,36],[22,28,25,15,24,25,6,3],[40,41,40,14,32,34,32,10],[27,4,37,6,40,5,40,19],[35,6,34,29,24,23,37,32],[4,4,26,31,29,16,20,12],[33,30,36,25,19,28,39,29],[31,34,36,25,35,6,28,3],[30,28,1,39,2,0,1,19],[22,22,5,27,16,37,38,1],[41,20,21,20,18,32,2,39],[0,27,4,17,22,16,38,34],[38,37,26,23,0,17,7,26],[13,3,29,15,41,23,33,24],[17,18,8,5,0,26,3,11],[1,39,21,16,15,19,24,31],[15,18,5,20,2,31,33,35]]
[[33,32,25,23,37,39,15,39],[35,38,41,9,5,31,31,17],[26,41,2,30,38,20,3,22],[2,19,20,27,20,30,1,3],[32,23,10,32,37,24,27,29],[6,23,33,29,15,15,35,28],[28,4,34,16,19,17,30,32],[4,21,25,24,38,24,35,8],[25,41,20,40,22,19,28,29],[0,5,22,1,7,2,40,17],[21,36,4,3,2,25,33,26],[35,36,0,12,5,36,38,31],[37,17,18,18,0,41,13,18],[39,3,31,24,1,6,6,34],[16,26,22,15,16,16,26,6],[14,39,0,36,33,34,28,21],[19,1,11,34,23,21,29,27],[27,37,5,30,40,40,4,18]]
[[3,24,35,40,40,26,0,28],[2,31,7,29,3,39,5,27],[18,27,29,33,19,29,20,20],[32,23,36,31,2,4,36,30],[10,6,2,21,27,28,4,17],[18,5,25,33,1,3,41,15],[6,29,39,38,1,16,35,25],[0,41,27,30,38,21,32,35],[33,20,41,14,4,28,4,18],[32,23,34,32,34,9,39,31],[12,17,22,1,40,22,16,26],[26,37,23,34,19,1,16,30],[38,20,5,22,24,40,5,6],[0,22,18,33,19,0,35,38],[28,37,36,25,11,30,23,36],[15,41,37,8,24,17,16,31],[2,21,3,37,13,15,19,21],[39,24,26,17,34,6,25,15]]
[[35,36,15,18,41,38,16,26],[35,31,36,6,1,27,30,29],[19,17,33,38,32,4,32,18],[6,16,6,27,22,38,37,24],[25,1,40,31,5,35,34,25],[3,20,3,32,18,32,14,23],[23,2,26,34,5,1,3,15],[12,17,33,30,41,18,4,25],[19,0,21,4,28,39,22,20],[40,4,16,35,19,2,0,29],[2,24,21,15,36,22,31,17],[33,21,21,3,29,34,40,26],[25,5,23,28,27,38,16,24],[37,10,8,37,20,23,28,20],[41,40,37,26,0,7,28,2],[6,27,15,11,41,39,30,0],[24,19,1,29,22,13,39,39],[34,5,36,17,31,9,33,30]]
[[20,25,7,16,17,5,4,2],[20,23,40,8,22,36,39,28],[38,10,1,19,6,4,24,33],[39,5,19,41,27,37,3,16],[32,39,37,34,18,22,14,38],[2,1,0,22,34,15,4,16],[31,3,18,0,5,27,29,20],[40,21,29,29,33,15,34,6],[37,30,40,33,3,23,18,17],[5,28,2,30,28,17,17,28],[24,1,18,6,22,27,37,0],[24,35,12,41,36,41,20,27],[32,16,38,25,35,24,2,15],[34,11,36,33,6,19,32,36],[26,30,26,29,35,32,31,25],[19,13,30,9,25,41,26,39],[31,3,23,21,21,4,31,23],[40,1,38,0,15,26,35,21]]
[[17,39,35,36,15,21,38,31],[37,13,22,2,16,39,39,21],[0,21,0,20,9,34,28,27],[26,15,20,19,19,1,5,3],[28,38,40,18,21,25,4,30],[39,41,16,40,6,29,40,6],[33,29,17,11,5,33,24,15],[32,18,3,28,17,40,27,24],[10,22,34,41,18,30,41,24],[32,25,2,30,34,37,35,24],[38,23,26,31,41,36,6,31],[30,4,18,33,0,2,23,4],[35,34,7,25,28,1,36,29],[36,16,20,23,22,37,27,25],[12,20,17,33,29,5,23,32],[5,6,1,14,1,3,38,4],[3,22,32,19,26,35,27,26],[0,15,2,37,19,8,16,31]]
[[21,34,23,30,28,35,41,30],[41,40,16,40,26,19,39,1],[4,23,38,37,22,41,5,20],[40,33,35,19,35,27,18,5],[41,33,11,39,4,0,8,31],[36,33,26,31,31,15,29,28],[7,36,25,32,5,3,21,4],[3,27,16,20,17,38,30,1],[22,18,34,39,12,34,32,13],[6,10,18,18,22,2,17,0],[29,36,26,25,35,17,2,0],[16,39,28,26,19,25,29,16],[32,20,15,37,1,38,27,24],[21,2,19,3,6,34,27,24],[15,21,36,37,28,22,31,6],[40,17,9,29,4,14,32,24],[37,1,20,23,0,33,5,25],[2,15,23,30,38,3,6,24]]
[[9,17,27,4,23,17,21,25],[28,4,35,38,0,2,39,36],[24,17,2,30,28,38,3,38],[29,40,32,29,26,23,23,14],[22,27,35,33,39,10,12,30],[21,20,31,20,24,28,20,28],[0,1,27,18,37,18,19,31],[7,20,27,15,6,41,34,25],[40,29,4,3,37,16,6,34],[21,41,36,15,18,19,1,31],[26,17,6,32,0,1,35,18],[2,0,26,33,39,39,5,37],[4,29,3,16,15,40,31,25],[13,23,37,16,8,22,30,3],[34,34,36,16,26,30,5,41],[24,2,35,19,5,33,5,22],[15,38,19,33,24,6,41,11],[25,21,40,32,22,32,36,1]]
[[37,35,21,24,2,2,6,37],[25,30,15,26,21,34,30,20],[39,16,8,11,25,34,41,0],[5,38,36,22,15,31,29,20],[40,0,5,19,32,28,22,36],[35,6,3,5,38,23,0,34],[18,13,2,1,26,36,27,33],[31,5,23,29,31,29,40,28],[26,1,19,27,1,31,29,20],[4,35,18,24,32,33,15,24],[36,28,16,4,16,30,21,28],[17,17,39,25,6,23,33,7],[17,41,41,22,33,18,37,27],[30,39,4,34,24,9,27,40],[17,23,35,40,4,14,0,16],[3,15,20,19,22,19,26,3],[41,3,25,38,38,32,21,6],[37,39,2,10,32,12,18,1]]
[[5,39,40,0,16,25,37,2],[41,20,24,31,6,40,36,21],[3,29,38,22,0,40,33,41],[20,25,18,17,24,39,7,40],[26,21,5,32,23,30,28,17],[35,2,1,0,9,6,24,18],[3,18,31,32,22,26,19,21],[4,31,1,41,27,28,25,19],[34,37,28,16,36,37,15,20],[35,19,23,29,31,16,14,34],[4,15,35,29,38,32,1,27],[22,17,11,19,15,17,13,27],[39,6,30,32,36,5,30,3],[8,33,23,20,2,41,38,4],[33,22,28,4,18,34,6,29],[39,15,26,26,37,3,38,5],[27,12,34,23,36,2,1,30],[33,35,25,10,0,16,21,24]]
[[3,37,21,11,34,24,41,21],[4,5,22,37,30,5,13,35],[38,15,18,30,7,31,24,20],[15,34,1,26,39,22,29,41],[36,3,36,33,38,39,17,29],[26,35,27,33,4,9,4,29],[39,22,16,18,18,16,23,22],[31,36,31,6,35,40,34,40],[20,17,17,8,19,38,31,15],[2,20,28,28,21,20,0,37],[41,19,25,5,5,32,27,26],[14,4,2,12,33,2,17,35],[0,34,37,1,18,16,16,41],[24,28,30,6,24,23,40,33],[1,28,29,6,30,6,25,32],[3,2,27,26,27,40,1,0],[32,23,25,10,23,19,21,39],[36,25,3,32,38,19,15,0]]
[[34,32,5,29,20,25,1,32],[2,17,33,0,19,22,19,38],[40,30,0,3,33,9,41,4],[6,36,4,35,34,28,26,27],[33,36,18,31,31,20,41,4],[23,2,29,2,29,27,28,4],[29,35,3,21,16,15,15,6],[17,24,20,40,25,41,22,39],[0,26,2,5,30,39,7,3],[14,26,12,18,37,0,21,22],[23,24,1,37,24,28,34,8],[30,17,35,6,21,3,18,10],[27,28,25,19,40,13,15,31],[37,38,19,1,26,17,38,23],[36,5,15,1,36,11,21,41],[34,20,33,38,16,16,30,40],[39,31,39,5,23,35,32,24],[16,32,22,6,25,37,18,27]]
[[2,32,38,32,27,20,24,0],[4,19,19,30,22,34,15,21],[17,27,6,27,4,17,15,26],[30,16,3,23,33,28,24,5],[27,36,17,38,18,25,40,28],[3,22,4,39,20,18,6,0],[0,2,2,34,4,41,26,39],[37,17,37,5,33,35,31,30],[22,35,7,12,23,5,34,29],[16,40,6,33,26,21,39,21],[24,1,41,22,16,36,23,2],[5,28,18,16,37,35,1,10],[13,20,25,28,11,26,19,39],[25,29,8,6,15,0,40,32],[3,20,1,35,19,34,29,41],[38,14,23,9,24,31,37,41],[3,21,18,30,40,31,31,33],[38,29,32,36,36,25,15,1]]
[[19,41,35,19,35,22,37,33],[25,36,16,17,31,39,17,2],[33,4,38,21,24,3,4,16],[23,6,3,16,6,26,12,31],[17,27,26,15,8,37,27,32],[34,41,31,27,39,20,6,34],[38,26,40,3,28,30,22,5],[17,2,41,21,24,39,18,5],[33,15,27,31,24,0,5,2],[3,20,16,40,32,28,15,35],[29,21,24,32,22,11,18,26],[36,34,25,14,39,40,38,38],[29,15,28,0,29,13,22,40],[21,19,20,18,4,6,1,9],[7,28,23,30,18,36,36,1],[5,32,35,33,23,10,25,1],[2,30,19,37,4,37,0,23],[41,20,1,25,34,29,0,30]]
[[30,27,3,21,3,36,24,33],[16,1,26,25,26,0,24,21],[23,4,22,26,28,32,20,36],[39,25,32,23,41,10,31,27],[38,8,37,2,40,22,41,2],[6,6,15,40,38,28,32,26],[28,37,22,2,22,20,30,18],[6,19,39,21,41,15,5,5],[4,41,21,35,35,11,40,20],[27,14,17,39,5,19,24,6],[0,1,9,25,34,30,38,15],[0,3,37,27,33,1,18,23],[12,34,25,17,29,13,5,31],[33,16,28,35,20,19,24,3],[4,33,17,1,17,16,23,31],[19,4,29,0,34,2,38,18],[18,37,32,39,35,15,36,31],[29,36,29,40,16,7,34,30]]
[[7,28,27,10,13,18,23,15],[36,34,18,22,20,23,2,22],[25,17,20,21,9,29,31,37],[15,6,40,0,29,21,22,34],[6,5,6,24,4,15,18,38],[33,23,32,19,3,33,0,5],[25,32,31,39,14,24,8,29],[3,20,25,21,24,0,36,32],[30,0,40,41,3,33,27,32],[15,1,29,36,22,12,19,28],[38,34,18,40,16,19,35,30],[21,26,1,37,4,41,26,5],[2,41,5,38,26,26,37,27],[17,2,41,31,2,35,23,1],[35,4,6,33,16,39,17,1],[30,3,28,37,4,36,39,19],[27,39,25,38,30,16,24,28],[16,17,34,11,20,40,35,31]]
