[[34,35,27,1,2,31],[23,23,30,6,41,39],[41,30,28,15,8,31],[7,5,0,35,32,33],[27,29,36,25,32,28],[36,36,18,17,29,9],[14,32,3,10,22,2],[4,15,16,3,40,28],[6,38,29,0,25,19],[39,18,28,27,21,16],[17,2,40,2,1,12],[33,22,4,24,36,1],[5,38,21,24,32,27],[29,34,25,1,25,19]]
[[4,3,19,3,6,8],[16,27,5,29,20,6],[25,21,18,15,35,31],[17,35,36,19,28,9],[14,16,35,34,21,19],[23,31,41,26,19,28],[35,34,4,20,23,15],[20,0,16,41,37,37],[23,29,17,24,27,11],[17,39,2,36,41,23],[2,20,16,32,31,26],[31,22,40,25,0,21],[21,40,24,3,41,18],[3,22,5,39,17,32]]
[[24,31,8,22,5,36],[31,7,23,23,23,5],[21,34,31,37,30,36],[0,38,34,1,29,29],[30,41,17,36,29,17],[28,31,29,4,38,18],[39,32,21,35,34,40],[26,41,24,18,33,33],[18,22,28,3,17,6],[35,5,39,10,5,1],[0,19,38,24,37,40],[4,24,36,19,32,22],[18,22,9,26,34,3],[20,17,20,6,38,23]]
[[18,0,17,5,33,32],[29,5,36,2,33,4],[1,0,13,22,30,37],[2,1,26,5,41,11],[18,19,0,28,4,3],[33,32,31,29,18,40],[27,17,5,31,15,15],[18,6,38,6,22,1],[27,2,28,40,32,21],[31,38,19,30,14,31],[41,37,39,40,1,23],[26,33,26,39,0,3],[21,38,32,38,40,12],[36,26,6,6,2,23]]
[[41,38,33,39,0,17],[18,19,11,29,6,24],[6,20,27,34,38,4],[22,5,19,21,27,8],[25,39,37,16,29,1],[34,33,4,5,38,12],[0,26,19,37,41,39],[40,18,30,4,27,35],[22,35,21,33,26,35],[34,16,34,36,25,20],[0,27,30,38,6,1],[40,10,41,0,26,24],[33,6,17,19,41,36],[39,9,7,35,26,4]]
[[0,36,23,20,15,18],[30,15,25,19,5,17],[32,21,35,26,2,22],[26,22,35,24,37,24],[23,3,21,2,39,16],[31,38,39,33,33,7],[37,26,21,22,27,0],[21,5,32,16,36,35],[20,10,31,17,35,38],[15,1,25,2,18,13],[32,23,1,41,6,6],[23,3,22,15,26,38],[3,41,19,30,3,32],[38,31,27,14,2,31]]
[[17,39,32,6,30,2],[26,37,31,23,22,4],[24,2,31,36,32,32],[22,16,21,36,27,5],[22,18,15,39,32,14],[18,35,2,21,33,31],[39,24,38,19,22,19],[30,21,35,20,2,19],[40,15,33,0,6,31],[12,38,18,23,29,19],[25,23,33,25,11,40],[39,37,16,18,40,0],[33,26,29,40,13,4],[21,17,5,20,23,27]]
[[41,2,17,20,37,6],[17,25,28,27,15,1],[20,24,10,1,33,34],[36,24,8,1,18,31],[9,3,22,37,14,33],[29,4,0,3,2,12],[41,39,6,26,21,15],[5,39,6,22,41,26],[18,38,38,38,38,30],[2,31,35,6,17,36],[7,25,1,5,33,34],[4,35,21,17,2,35],[33,41,29,30,4,4],[24,27,28,35,24,0]]
[[32,18,15,35,14,22],[24,37,28,16,3,30],[33,6,2,33,16,10],[22,35,3,39,17,27],[13,26,29,40,30,22],[4,36,19,39,20,8],[29,34,32,31,22,20],[12,37,24,2,5,6],[27,27,5,35,16,21],[29,17,17,36,31,34],[33,29,4,26,17,35],[21,40,36,36,16,30],[5,5,18,27,33,11],[28,30,37,37,19,15]]
[[26,32,5,2,6,37],[6,30,27,39,31,41],[23,27,16,18,35,15],[25,20,21,5,38,34],[19,26,6,2,24,20],[24,27,33,36,40,37],[35,21,12,28,30,19],[26,36,27,41,6,37],[23,26,25,21,4,20],[21,23,4,16,25,30],[32,23,15,17,2,2],[20,38,32,40,16,30],[11,17,33,39,31,34],[18,16,37,25,28,32]]
[[38,31,23,22,33,22],[39,29,36,1,4,27],[37,4,0,0,23,16],[17,26,31,0,17,30],[19,34,37,27,16,34],[18,36,27,21,21,5],[26,35,35,15,31,22],[26,5,19,7,5,27],[18,31,18,8,20,26],[5,3,30,33,3,37],[39,25,15,17,38,39],[25,14,37,6,29,6],[18,17,25,39,1,25],[38,0,20,13,38,22]]
[[28,24,30,1,1,21],[25,18,6,29,39,22],[26,14,15,11,40,18],[32,30,40,33,16,22],[41,21,39,21,30,1],[7,6,30,2,19,39],[5,26,22,40,8,16],[4,23,4,38,23,36],[27,29,15,28,35,17],[33,32,2,19,35,1],[16,18,41,35,4,5],[16,27,40,2,22,36],[24,17,39,2,21,36],[4,36,38,18,35,25]]
[[23,26,22,25,34,0],[13,37,36,15,34,0],[12,31,1,10,1,29],[31,37,23,33,32,36],[16,2,18,17,33,6],[41,17,8,18,27,38],[40,26,31,6,19,22],[6,38,19,39,2,23],[41,40,5,39,4,0],[31,28,40,14,40,5],[17,39,25,11,18,4],[1,29,16,17,0,32],[6,15,3,39,18,3],[41,28,41,23,27,1]]
[[33,28,2,34,27,25],[15,37,41,18,31,31],[39,31,40,29,31,20],[19,21,34,23,36,21],[29,41,36,38,23,20],[7,36,27,25,22,21],[5,40,3,14,40,6],[16,37,5,30,36,5],[34,26,15,16,30,10],[22,26,6,2,2,20],[3,2,11,37,38,20],[40,18,23,38,28,15],[15,38,34,37,22,5],[33,19,21,22,39,23]]
[[15,23,1,24,0,2],[32,26,6,27,31,32],[26,35,3,39,35,34],[41,6,6,19,23,28],[37,28,29,17,31,15],[32,29,21,38,19,33],[28,6,34,2,3,23],[21,26,4,4,29,33],[21,30,24,5,16,0],[41,31,37,29,30,5],[25,36,32,15,33,17],[16,21,38,38,41,26],[31,41,15,39,27,38],[33,36,23,25,1,28]]
[[26,12,2,15,1,6],[38,21,23,26,40,21],[27,31,22,6,25,20],[32,37,14,37,36,38],[16,21,30,11,39,36],[31,39,21,34,23,0],[1,32,25,1,27,2],[27,26,22,34,38,0],[26,15,22,30,15,32],[33,25,6,0,6,0],[20,32,19,1,40,33],[27,38,16,35,39,13],[3,15,23,39,19,19],[35,19,23,3,22,25]]
[[32,41,40,41,22,1],[27,20,32,6,16,2],[12,21,28,33,4,22],[17,22,2,0,25,32],[35,30,36,3,14,19],[21,0,25,1,34,25],[13,4,18,16,6,27],[33,19,35,2,19,36],[20,19,16,30,22,18],[39,27,4,15,16,21],[39,2,34,25,1,28],[36,4,40,27,3,18],[1,21,41,0,18,41],[15,32,0,17,11,36]]
[[32,38,31,30,18,2],[22,21,31,40,7,33],[19,40,18,33,38,17],[35,35,22,2,40,24],[33,8,34,24,32,19],[2,20,22,19,16,5],[31,16,38,19,13,3],[34,21,30,20,18,20],[1,35,10,15,1,34],[29,5,40,2,34,14],[33,21,41,35,41,31],[22,3,27,38,27,21],[30,0,30,9,0,18],[29,3,3,15,20,17]]
[[40,17,31,29,6,19],[4,26,23,33,15,41],[37,5,18,30,12,38],[31,19,37,17,33,37],[41,27,15,37,36,4],[30,34,26,21,38,15],[23,24,2,22,5,33],[6,23,19,3,24,40],[34,17,14,13,4,10],[16,35,33,27,3,18],[21,41,19,16,22,25],[30,25,15,6,35,4],[29,23,2,11,9,8],[36,17,7,6,30,41]]
[[28,0,16,5,29,33],[19,32,30,39,30,32],[25,35,18,0,39,6],[3,36,22,35,22,40],[4,31,25,41,28,38],[37,40,3,32,28,20],[29,38,5,36,19,16],[0,12,23,39,19,32],[2,33,4,23,20,40],[33,33,2,30,20,17],[40,19,23,8,31,39],[38,37,31,28,20,23],[17,18,0,9,13,15],[6,38,30,15,41,31]]
[[22,38,27,5,30,37],[27,25,9,23,24,25],[33,35,32,30,3,40],[22,22,40,31,4,6],[30,39,17,18,0,35],[16,3,32,18,34,24],[33,39,23,3,39,19],[7,31,41,18,34,21],[41,38,0,35,17,5],[1,32,26,37,33,33],[26,20,4,39,6,18],[35,29,28,28,30,19],[21,20,16,22,3,29],[23,32,41,1,23,41]]
[[15,0,17,23,41,40],[21,15,21,19,14,24],[37,3,26,40,37,19],[0,16,40,27,24,36],[19,1,34,29,5,22],[20,24,35,18,34,17],[18,41,23,15,15,24],[37,22,29,4,35,27],[36,40,22,39,26,35],[23,36,5,11,20,4],[35,26,39,20,3,16],[22,26,2,3,1,37],[8,23,2,19,36,39],[5,20,3,39,10,5]]
[[28,39,26,19,28,11],[22,6,2,37,27,2],[21,29,19,32,22,4],[41,40,0,26,33,35],[16,18,30,17,3,30],[3,16,17,23,23,29],[37,41,2,6,20,24],[32,4,28,28,40,0],[38,37,16,21,6,17],[17,39,24,14,18,33],[37,6,26,38,20,27],[41,40,41,16,23,29],[20,0,23,1,29,2],[20,40,1,26,0,35]]
[[39,21,1,27,37,29],[40,2,33,24,33,17],[39,20,20,31,17,35],[41,21,23,23,1,0],[19,32,32,31,26,13],[41,36,41,25,26,5],[30,32,16,16,25,7],[35,0,34,41,11,5],[36,38,23,26,20,36],[38,4,15,36,24,2],[24,16,20,26,40,29],[19,37,15,4,30,25],[24,23,31,34,16,21],[31,21,32,25,27,9]]
[[4,32,27,11,6,38],[41,9,36,26,28,36],[21,14,1,23,0,37],[5,40,41,27,18,26],[30,3,22,6,38,17],[4,34,0,35,13,1],[31,35,15,2,25,12],[0,18,27,35,36,0],[22,34,3,19,16,23],[23,27,17,29,15,32],[5,34,21,37,18,25],[35,29,36,30,2,32],[19,19,8,40,34,18],[23,31,16,32,19,28]]
[[40,20,26,6,28,22],[0,37,22,41,7,29],[4,31,10,8,26,27],[16,4,27,34,4,34],[34,18,23,31,35,26],[0,3,0,39,32,21],[25,37,3,18,16,22],[31,23,26,9,15,24],[3,6,24,35,39,25],[38,38,40,27,3,31],[19,20,0,22,16,34],[19,28,27,19,14,41],[29,24,21,15,11,38],[32,4,19,16,38,24]]
[[3,34,41,0,26,34],[3,32,5,27,1,19],[21,22,38,0,27,34],[25,4,6,32,11,22],[22,36,22,4,33,39],[24,23,15,27,15,4],[0,9,6,33,15,34],[27,4,18,41,1,7],[28,38,23,25,24,41],[6,28,18,28,41,25],[0,28,15,2,26,5],[36,23,6,40,39,40],[24,17,19,19,17,21],[2,13,25,24,19,23]]
[[15,2,2,6,28,35],[32,4,30,4,28,27],[0,33,40,5,28,37],[29,3,1,23,17,3],[37,30,0,30,35,23],[17,39,41,7,24,34],[40,23,27,29,19,8],[6,1,16,34,0,38],[37,24,32,26,38,26],[33,23,17,0,5,3],[27,28,21,26,21,41],[19,41,17,3,27,16],[18,26,39,15,16,22],[37,18,16,30,22,41]]
[[37,41,38,16,24,2],[33,19,27,18,20,18],[29,24,30,41,37,4],[32,32,34,37,3,10],[25,37,16,16,23,23],[4,33,28,18,4,2],[41,0,9,41,27,32],[6,36,18,20,19,15],[33,23,27,23,34,38],[1,30,40,5,39,1],[0,15,38,5,39,6],[16,28,39,25,40,4],[24,33,3,29,21,24],[38,32,27,36,39,21]]
[[38,35,38,23,18,4],[31,14,2,6,41,22],[36,31,13,21,32,28],[8,22,39,32,1,29],[27,40,33,41,37,37],[24,5,20,24,28,34],[28,38,23,41,38,35],[0,28,15,7,16,21],[18,25,22,16,39,19],[37,40,35,0,6,34],[4,35,2,37,29,22],[1,1,25,10,9,5],[16,15,27,33,30,20],[36,16,19,41,30,1]]
[[2,17,18,40,18,21],[38,27,19,35,20,23],[38,30,29,23,7,25],[16,19,29,4,27,40],[37,15,20,19,24,23],[29,40,26,22,28,3],[33,28,26,4,41,1],[19,23,35,6,24,36],[16,37,20,30,15,1],[33,39,40,29,22,36],[6,14,8,15,25,24],[30,3,21,20,30,16],[15,39,33,5,2,17],[33,24,11,5,41,16]]
[[5,38,31,39,12,34],[15,19,34,16,28,4],[32,32,37,7,34,21],[4,28,6,37,36,2],[1,16,31,10,4,0],[35,39,34,39,21,41],[36,4,27,33,41,22],[22,0,28,40,24,33],[41,33,19,15,1,21],[3,36,24,1,21,39],[5,16,41,9,36,33],[26,27,38,35,16,40],[1,26,28,13,2,6],[32,32,3,35,35,8]]
[[23,28,24,26,15,31],[26,24,39,31,7,24],[37,22,15,20,32,28],[39,10,37,40,0,40],[30,23,20,3,5,24],[20,2,36,31,2,21],[37,23,20,35,0,39],[21,27,0,33,26,27],[15,35,32,23,22,6],[37,19,21,33,30,5],[39,30,3,6,19,32],[0,4,18,30,4,4],[21,32,3,1,31,3],[18,26,36,1,4,15]]
[[3,37,26,4,3,18],[26,34,37,36,27,36],[6,22,16,17,28,20],[3,38,6,3,38,19],[24,4,17,41,37,16],[25,15,18,31,31,17],[33,7,26,41,33,32],[40,26,31,36,28,31],[5,22,38,32,17,16],[6,18,5,24,15,40],[34,14,39,27,21,25],[38,12,20,8,39,19],[24,16,23,6,21,24],[23,37,35,35,18,36]]
[[30,30,32,1,32,21],[6,37,21,23,32,2],[25,24,4,32,17,6],[37,25,15,26,27,39],[24,25,6,9,31,18],[12,16,28,5,28,19],[31,26,21,19,16,39],[1,25,0,0,6,3],[18,26,19,30,7,36],[23,35,17,2,40,3],[19,28,4,15,17,21],[40,17,37,26,5,28],[41,3,31,41,36,30],[31,3,35,37,13,27]]
[[19,39,23,25,20,39],[33,3,0,31,33,2],[38,23,2,19,30,39],[14,28,30,7,25,35],[5,24,1,22,35,27],[19,41,4,41,15,31],[15,34,0,38,31,35],[5,30,36,36,2,17],[36,20,15,27,30,36],[5,21,31,21,34,5],[39,41,8,22,3,40],[1,24,27,23,19,41],[17,40,15,28,35,2],[27,4,12,28,28,23]]
[[30,34,3,4,12,23],[19,29,40,7,33,23],[4,40,37,39,22,25],[4,39,13,19,29,19],[23,28,40,24,40,25],[4,25,30,39,0,30],[21,41,36,5,23,18],[15,18,20,28,16,2],[2,31,34,37,31,20],[37,0,16,3,33,24],[37,14,25,36,20,22],[11,2,16,22,19,21],[8,29,20,15,29,30],[2,22,39,5,16,41]]
[[38,17,41,27,35,24],[5,5,17,4,40,21],[27,29,15,34,41,27],[33,25,0,5,39,29],[20,16,16,1,32,16],[0,2,5,39,24,17],[25,29,2,11,23,33],[8,1,9,41,15,27],[4,35,32,20,36,2],[21,28,19,41,40,33],[22,7,19,14,20,2],[29,17,28,37,22,10],[33,38,34,37,0,23],[35,35,20,36,0,16]]
[[41,4,32,32,23,29],[32,0,17,6,6,27],[25,3,17,1,0,20],[34,24,9,34,2,24],[6,1,28,29,41,21],[2,33,7,37,18,41],[22,40,29,12,27,4],[28,10,2,20,16,41],[22,23,29,24,17,32],[25,16,21,39,27,36],[39,18,0,8,36,4],[40,36,2,36,4,3],[23,24,18,23,33,18],[13,0,6,17,27,37]]
[[18,14,15,0,3,19],[6,20,21,27,24,29],[27,33,2,33,5,26],[18,40,20,39,4,22],[16,8,29,11,25,23],[20,12,21,20,36,28],[17,27,9,19,24,24],[34,2,16,13,32,0],[23,6,39,33,7,2],[10,21,31,37,17,41],[3,25,41,4,26,36],[37,31,5,41,28,22],[26,34,2,15,24,21],[40,41,27,33,26,32]]
[[27,26,25,5,34,40],[17,37,6,21,33,38],[29,39,17,16,30,1],[20,38,5,29,32,36],[21,33,10,30,16,37],[8,4,24,9,18,27],[41,3,5,31,30,37],[37,6,24,15,36,39],[41,25,4,11,15,40],[7,1,35,1,5,20],[27,23,17,30,21,32],[35,34,21,20,12,31],[26,28,3,20,40,18],[1,27,28,17,23,40]]
[[15,30,2,10,32,40],[18,22,3,0,36,36],[18,22,33,0,28,37],[29,38,4,26,39,31],[27,40,26,29,15,40],[27,5,16,32,28,16],[30,4,22,4,38,4],[6,25,31,25,15,7],[33,35,15,38,1,3],[6,30,25,27,27,2],[9,8,38,37,13,37],[37,35,30,22,1,34],[36,0,33,33,34,25],[0,39,5,36,14,40]]
[[2,29,26,25,5,32],[5,6,4,25,6,3],[27,5,38,21,7,22],[29,41,18,4,28,41],[36,4,16,34,3,35],[40,29,19,6,39,39],[22,2,36,34,28,36],[13,18,10,39,18,33],[29,15,3,27,38,4],[40,25,14,16,35,37],[19,18,23,32,25,17],[5,6,23,32,21,33],[37,1,3,1,15,0],[32,26,39,36,0,17]]
[[2,40,16,3,2,25],[21,21,21,17,25,31],[15,23,34,6,18,31],[16,13,35,2,41,7],[0,32,6,25,40,10],[22,18,25,20,29,33],[39,35,37,32,1,40],[33,29,36,1,12,18],[3,20,1,40,2,17],[0,39,24,39,39,1],[24,5,18,22,0,9],[3,38,0,33,21,28],[37,8,15,41,36,5],[33,38,23,3,28,34]]
[[39,24,32,39,36,0],[30,0,5,36,24,21],[38,27,6,6,17,4],[7,3,33,26,25,4],[29,16,29,17,30,26],[4,13,21,31,40,31],[41,9,21,34,15,30],[36,3,16,11,20,28],[41,23,22,23,38,35],[4,25,33,34,24,21],[35,25,33,27,36,25],[15,30,20,33,29,32],[22,22,40,28,24,5],[6,12,22,29,6,14]]
[[5,35,20,13,3,21],[41,37,40,3,33,16],[18,21,32,33,22,6],[41,20,34,25,1,15],[35,27,31,16,41,12],[40,22,22,35,34,15],[4,41,17,26,38,18],[0,34,39,0,16,36],[24,27,22,35,31,3],[5,25,21,33,26,37],[17,6,20,21,37,34],[36,24,32,20,25,25],[31,3,16,33,38,11],[14,37,31,4,39,1]]
[[25,13,37,34,25,1],[34,24,20,6,30,4],[18,33,0,36,34,29],[5,23,23,40,4,20],[37,29,33,34,22,20],[20,12,5,29,2,27],[16,6,36,28,27,29],[3,33,36,22,33,0],[19,32,17,24,32,16],[16,27,18,15,28,25],[6,3,15,17,32,39],[36,16,2,22,39,27],[32,39,30,23,6,25],[1,23,39,19,22,40]]
[[6,27,19,27,32,19],[29,18,25,37,32,16],[21,9,28,2,15,21],[20,27,22,33,5,36],[40,19,36,24,35,0],[21,18,1,39,41,39],[38,1,15,35,2,10],[22,2,38,2,25,15],[23,34,39,27,34,39],[38,33,29,0,3,16],[38,20,19,15,23,6],[18,5,41,40,3,1],[24,28,37,3,21,23],[1,23,18,7,3,8]]
[[24,17,17,30,1,0],[28,32,18,3,41,3],[32,29,21,15,18,41],[35,1,35,38,28,40],[20,2,40,41,19,2],[37,37,7,6,6,15],[24,21,5,34,23,17],[6,1,41,23,3,23],[4,33,25,33,30,1],[18,3,23,19,18,34],[30,34,0,25,25,25],[4,34,26,30,39,39],[38,28,9,26,15,29],[6,17,5,20,15,28]]
[[25,23,29,25,17,18],[27,25,24,22,31,6],[29,1,37,0,9,41],[28,34,8,32,0,20],[41,1,41,2,23,6],[5,2,23,37,16,31],[23,16,20,35,2,28],[32,18,17,27,36,26],[1,24,40,19,25,22],[26,34,5,32,16,10],[26,18,1,30,20,41],[32,34,26,20,19,34],[30,2,16,40,35,38],[7,40,38,40,18,36]]
[[3,20,11,16,31,40],[38,13,14,28,37,24],[41,5,31,16,15,34],[3,34,30,31,28,21],[38,1,22,4,4,32],[34,21,33,27,18,22],[25,3,29,20,38,33],[12,16,32,41,24,40],[33,23,39,20,35,33],[19,18,15,32,37,20],[16,30,1,23,23,25],[27,4,4,19,31,39],[3,36,40,35,38,29],[40,5,36,32,23,34]]
[[25,34,2,21,36,36],[0,20,39,29,27,1],[0,28,23,39,16,19],[33,19,17,41,6,25],[39,33,35,11,1,22],[37,24,28,34,17,20],[5,3,2,28,29,35],[37,29,2,28,16,22],[35,39,17,20,27,1],[26,2,27,3,38,32],[23,35,16,1,24,21],[32,41,20,17,26,14],[5,4,38,16,34,33],[33,27,29,34,6,4]]
[[21,6,1,20,18,35],[35,31,35,2,33,2],[38,40,12,20,34,4],[16,32,32,28,21,0],[33,4,35,0,30,9],[3,7,8,39,28,39],[16,17,19,1,5,31],[34,0,40,3,30,3],[4,33,14,5,33,28],[18,26,6,21,30,17],[32,4,5,5,40,24],[40,29,36,32,38,28],[3,19,30,26,0,10],[22,29,24,36,22,21]]
[[28,33,21,37,6,22],[2,20,18,20,25,31],[3,27,40,33,16,5],[41,36,0,41,40,25],[35,7,6,3,28,5],[26,26,2,41,21,17],[18,2,22,23,39,3],[2,25,24,37,3,23],[29,1,19,11,27,39],[40,1,16,24,4,40],[31,14,4,29,1,29],[41,35,0,16,17,29],[28,12,25,1,37,19],[36,13,28,9,37,16]]
[[38,18,26,13,2,17],[21,36,40,28,1,37],[36,23,37,22,22,23],[0,4,36,25,15,26],[0,24,27,40,33,40],[37,1,18,15,25,32],[37,30,3,16,34,3],[19,41,30,40,5,17],[19,32,20,5,34,31],[23,14,1,36,24,24],[15,16,20,31,38,27],[20,20,38,15,4,38],[34,28,41,33,21,2],[4,1,34,4,23,24]]
[[1,21,5,9,0,15],[33,18,29,18,19,11],[41,36,27,18,40,38],[32,17,16,37,29,19],[1,25,32,17,12,21],[22,39,36,0,2,21],[15,35,14,36,34,13],[29,0,15,6,1,37],[5,0,27,21,22,38],[34,15,34,36,33,35],[7,2,41,41,39,40],[34,18,16,33,6,16],[24,6,25,25,25,16],[41,24,6,1,33,29]]
[[2,12,17,31,6,33],[36,20,19,9,29,2],[39,38,22,29,31,33],[38,21,3,25,5,27],[34,15,16,41,32,3],[31,3,29,35,5,34],[2,28,41,11,28,4],[21,26,6,2,0,17],[19,8,37,19,0,33],[28,20,35,25,22,37],[35,31,28,16,35,32],[18,32,26,15,27,39],[32,18,40,40,3,18],[36,4,33,19,18,29]]
[[14,33,27,17,34,25],[19,26,0,7,1,16],[24,18,1,3,17,24],[38,19,5,30,26,40],[21,16,22,30,32,26],[37,41,37,1,41,26],[28,1,27,17,6,27],[6,17,32,5,0,32],[30,21,0,4,0,27],[34,34,40,25,31,6],[4,15,18,30,25,8],[38,4,25,15,4,32],[3,9,10,28,22,5],[12,5,34,6,33,31]]
[[35,40,6,21,37,21],[18,29,37,28,16,28],[19,36,18,27,1,37],[21,22,34,22,16,7],[41,25,3,38,32,26],[38,5,39,39,18,2],[0,13,16,32,17,15],[26,19,34,28,15,5],[0,39,41,14,18,25],[36,19,32,24,28,39],[5,2,6,3,34,29],[25,40,32,37,5,41],[24,35,25,8,41,21],[34,16,1,27,19,17]]
[[21,21,15,26,16,29],[19,13,1,18,36,25],[17,27,14,28,41,15],[18,1,28,25,39,19],[27,0,29,28,39,31],[35,6,30,34,4,18],[31,16,0,15,33,6],[2,0,20,29,36,6],[41,39,11,10,30,40],[35,34,27,33,20,41],[39,26,24,22,18,17],[40,22,6,4,27,2],[12,0,16,24,16,15],[3,29,28,8,3,41]]
[[17,2,3,39,16,39],[22,41,1,18,32,0],[32,26,28,33,17,1],[36,33,38,21,14,26],[22,17,40,18,12,34],[20,2,8,35,15,19],[15,41,6,22,15,34],[38,29,19,39,0,17],[35,29,29,36,18,30],[16,4,13,21,20,3],[40,39,4,11,37,33],[22,31,31,41,41,29],[37,27,30,33,15,9],[40,28,6,27,40,18]]
[[13,28,41,10,18,32],[2,38,22,36,28,5],[6,7,31,38,37,6],[37,3,20,18,25,29],[26,3,29,25,33,25],[26,28,6,31,39,24],[22,27,6,41,23,27],[33,15,25,9,20,36],[8,12,27,2,14,36],[34,27,38,17,17,39],[5,23,34,26,15,24],[33,28,26,18,32,23],[31,23,33,38,11,40],[31,40,20,20,18,36]]
[[31,39,19,0,5,41],[3,34,6,31,35,39],[23,25,39,20,1,22],[39,41,1,28,35,23],[27,35,8,34,41,36],[25,23,37,26,0,10],[37,34,4,29,7,27],[29,35,6,29,31,33],[28,31,5,40,3,9],[22,21,21,40,23,41],[38,0,20,6,34,4],[19,30,4,6,37,26],[38,33,3,36,30,0],[20,20,37,3,29,4]]
[[20,23,28,38,19,18],[30,27,1,40,19,4],[6,16,29,33,24,1],[27,28,1,26,35,16],[27,32,27,30,29,2],[36,22,17,18,31,33],[23,38,16,32,41,38],[39,4,17,35,31,13],[23,36,17,35,28,36],[22,20,26,21,0,33],[38,29,25,28,41,2],[33,29,25,1,23,36],[17,4,39,16,12,21],[24,0,6,40,35,4]]
[[28,26,40,25,31,21],[28,29,41,4,11,36],[40,31,6,25,21,21],[39,5,26,1,22,33],[35,21,22,5,3,40],[2,18,4,25,6,32],[4,34,27,30,18,30],[40,34,20,23,38,32],[24,27,25,34,17,3],[36,31,2,17,33,39],[33,19,22,38,20,31],[35,34,39,14,29,23],[39,1,26,20,22,26],[4,24,41,19,20,33]]
[[34,37,37,1,4,34],[17,2,19,38,0,20],[20,21,34,16,23,19],[26,23,16,25,19,23],[28,0,30,38,31,28],[4,4,27,15,36,14],[20,17,37,7,2,37],[32,34,36,39,35,36],[22,39,2,27,31,21],[25,22,2,15,13,24],[30,39,31,4,16,36],[18,21,35,31,22,22],[8,1,20,24,21,39],[23,26,18,16,32,19]]
[[32,28,12,31,18,1],[2,34,30,16,28,0],[32,29,35,21,33,16],[5,19,34,29,15,16],[4,0,23,40,41,26],[17,23,2,41,33,21],[4,0,18,17,32,21],[41,6,3,40,33,20],[20,30,14,21,31,33],[32,16,31,6,34,4],[24,15,26,4,40,19],[5,2,24,30,0,40],[1,30,1,41,31,35],[17,3,34,1,2,17]]
[[38,6,25,33,34,30],[29,20,19,14,23,15],[18,6,5,26,26,17],[19,37,2,19,11,27],[16,20,32,33,25,41],[8,9,35,3,41,38],[24,40,5,36,0,37],[29,24,4,33,23,34],[40,17,40,32,30,16],[29,3,34,32,4,0],[3,19,2,33,15,26],[34,13,27,12,25,1],[16,26,29,16,40,3],[1,32,18,25,36,35]]
[[19,17,15,28,16,41],[19,18,28,12,41,4],[24,6,15,20,18,30],[38,4,16,3,6,41],[16,21,27,31,32,39],[1,20,26,4,0,32],[27,33,3,7,1,38],[0,34,28,35,37,4],[21,32,14,16,37,30],[18,11,39,38,17,22],[36,27,36,26,24,26],[34,23,13,10,38,27],[18,32,31,34,28,34],[41,26,23,33,22,35]]
[[5,1,8,35,39,1],[33,18,34,6,9,16],[25,32,19,34,17,37],[31,35,40,38,3,23],[16,31,2,3,24,6],[33,1,19,33,26,24],[21,26,29,34,32,37],[0,18,32,17,5,25],[29,19,32,5,23,39],[40,3,20,27,38,18],[37,2,1,38,18,29],[20,2,20,31,3,20],[0,31,38,19,33,37],[5,21,34,2,27,29]]
[[16,3,4,24,30,5],[31,24,8,3,37,15],[34,23,26,27,0,4],[21,33,15,5,12,35],[30,32,27,1,37,17],[27,13,21,3,37,33],[5,0,19,38,31,1],[18,39,7,1,35,24],[24,27,31,20,10,17],[18,32,23,37,1,19],[39,20,31,5,19,4],[17,30,34,18,19,30],[15,15,38,26,4,9],[16,18,38,3,17,38]]
[[23,32,17,16,20,16],[18,35,27,21,38,25],[17,29,37,5,27,2],[4,33,25,0,26,32],[35,36,36,4,34,20],[3,2,18,34,0,22],[39,30,18,24,6,24],[25,26,22,19,28,25],[39,35,0,38,3,6],[17,5,33,0,28,21],[19,2,29,17,5,5],[29,31,30,37,8,35],[33,4,2,18,31,23],[7,33,16,4,29,16]]
[[24,7,30,28,5,22],[13,34,9,39,4,41],[29,37,17,16,30,15],[19,37,5,17,6,20],[33,4,17,1,22,17],[26,19,16,4,41,22],[21,32,37,16,37,34],[18,24,16,25,39,23],[23,18,22,29,1,34],[14,38,25,38,32,28],[27,33,32,18,34,20],[21,32,31,6,36,19],[11,36,31,38,26,27],[18,4,12,15,38,19]]
[[37,33,16,24,30,28],[38,39,40,39,41,34],[3,17,2,30,2,22],[5,28,35,41,38,15],[25,27,35,1,27,19],[17,36,36,19,28,18],[17,19,30,4,4,17],[0,0,5,40,39,28],[34,23,23,35,33,13],[34,19,25,37,1,40],[36,16,18,40,33,25],[3,34,25,35,33,15],[37,24,38,39,30,22],[3,37,38,36,3,12]]
[[5,40,35,18,5,20],[5,27,21,41,35,27],[31,37,28,22,20,3],[8,11,25,28,38,40],[27,16,15,7,37,32],[26,40,1,31,15,5],[35,29,26,17,6,2],[15,29,22,22,3,12],[6,40,33,1,13,33],[17,17,1,41,21,20],[20,33,27,21,34,25],[4,9,14,2,21,1],[38,18,35,16,32,33],[4,22,17,15,34,10]]
[[0,39,40,20,6,24],[37,38,15,32,31,8],[36,37,22,29,28,41],[23,41,19,36,30,30],[38,19,23,23,18,32],[38,4,31,5,6,29],[22,39,0,9,15,3],[41,7,36,1,0,19],[32,30,20,20,25,23],[30,5,3,19,0,25],[10,28,24,4,41,24],[32,31,40,18,20,24],[21,34,36,15,31,15],[29,29,38,21,1,34]]
[[29,39,19,2,10,22],[28,35,6,41,22,35],[25,23,25,4,1,3],[20,26,9,15,31,14],[37,6,32,28,21,23],[17,0,18,32,6,6],[25,37,0,34,31,4],[36,37,39,36,7,40],[17,41,11,41,18,23],[0,20,29,20,3,26],[32,1,15,31,20,16],[23,34,2,36,0,19],[31,18,40,41,8,21],[37,16,32,18,36,25]]
[[0,30,6,4,21,36],[16,21,0,30,6,19],[36,23,12,40,37,19],[1,23,40,3,26,21],[21,3,27,19,39,24],[36,35,38,9,23,35],[40,5,26,30,40,17],[22,14,24,3,2,33],[37,25,30,39,8,5],[1,4,16,4,34,33],[2,41,38,22,25,29],[34,19,22,28,0,29],[33,33,3,27,0,17],[28,22,41,23,4,36]]
[[18,3,0,39,6,15],[30,21,34,17,36,36],[33,24,24,38,5,20],[3,18,4,35,25,4],[30,18,21,1,40,15],[40,29,28,33,40,6],[25,31,19,39,5,29],[15,18,28,35,23,38],[24,39,4,1,38,15],[3,36,34,16,26,1],[0,38,20,31,33,16],[17,24,41,26,33,39],[25,4,29,23,40,36],[29,19,25,1,3,41]]
[[22,11,17,30,2,28],[20,37,7,2,36,10],[32,24,21,25,33,5],[16,21,17,1,20,41],[1,21,36,37,32,18],[6,6,33,3,15,22],[20,13,38,41,26,4],[38,26,30,1,33,17],[41,17,16,21,36,0],[37,39,4,9,5,4],[33,22,39,15,22,18],[30,37,27,6,4,30],[1,25,8,20,27,6],[41,3,24,0,28,36]]
[[25,2,4,6,27,15],[15,41,22,38,32,35],[25,16,15,34,4,38],[41,40,5,0,24,32],[29,24,29,5,27,4],[38,16,0,6,37,33],[34,5,2,26,1,39],[27,7,37,21,35,26],[18,16,25,15,34,3],[38,41,5,6,33,26],[26,40,0,0,41,6],[2,1,25,36,2,39],[27,10,21,3,16,36],[34,12,13,4,22,18]]
[[20,37,19,5,22,32],[21,11,3,24,34,16],[24,19,5,23,31,27],[8,4,23,39,24,19],[20,21,16,15,32,2],[35,35,40,37,23,20],[38,0,3,24,39,3],[36,22,13,3,37,27],[40,6,23,0,16,38],[28,41,41,15,41,34],[6,4,35,28,19,26],[31,16,12,25,38,41],[37,10,39,25,26,38],[2,14,39,20,35,36]]
[[2,17,26,4,12,21],[36,37,39,22,22,10],[33,20,40,31,33,16],[29,21,24,35,1,32],[0,29,24,41,35,19],[41,26,22,14,34,34],[9,34,19,22,5,37],[36,35,32,27,17,6],[5,2,39,31,34,29],[35,19,37,13,19,11],[17,24,38,4,24,36],[2,37,17,33,33,2],[6,20,8,36,1,16],[7,38,29,40,0,27]]
[[37,28,11,4,38,37],[23,25,27,20,27,6],[35,1,4,37,31,19],[13,26,26,30,41,35],[14,0,21,38,34,3],[4,8,0,20,25,1],[33,29,34,3,6,36],[19,23,41,5,15,36],[15,24,35,28,5,21],[24,3,4,29,0,38],[5,2,3,26,34,2],[29,17,37,22,17,35],[38,5,29,26,31,12],[22,34,33,7,30,0]]
[[16,35,35,34,13,36],[38,38,24,4,9,5],[39,5,15,23,29,25],[41,20,3,29,38,16],[41,23,5,28,1,25],[8,37,1,10,28,29],[19,11,6,6,33,5],[39,27,29,2,25,36],[0,28,34,37,19,3],[39,36,20,34,25,23],[34,27,27,2,33,19],[18,36,27,37,23,41],[7,39,19,28,38,4],[15,41,37,0,18,24]]
[[33,31,31,2,33,27],[24,26,0,16,24,40],[16,2,21,35,36,6],[41,4,29,36,29,19],[23,0,21,16,29,12],[34,25,0,35,32,39],[39,41,3,6,41,25],[17,22,3,18,22,34],[37,26,16,2,31,28],[31,35,33,27,3,32],[13,30,15,41,19,26],[24,18,30,2,37,3],[17,4,24,23,40,28],[26,29,0,15,33,35]]
[[2,2,28,41,19,0],[27,41,0,40,22,25],[25,22,40,18,41,4],[33,17,16,34,33,12],[27,18,13,25,3,31],[31,19,20,18,28,18],[19,41,15,3,26,32],[17,15,1,23,6,20],[15,39,33,30,6,16],[9,6,19,34,32,38],[15,6,39,27,7,36],[34,1,23,2,34,36],[33,4,25,4,4,17],[26,17,27,38,2,30]]
[[20,6,35,37,40,16],[20,6,35,37,1,15],[6,32,4,41,29,31],[4,35,31,29,18,37],[2,3,5,10,40,2],[31,21,21,21,33,16],[33,24,1,15,40,37],[41,32,36,29,17,19],[24,31,3,1,24,2],[22,20,39,15,24,40],[36,21,7,35,17,39],[33,34,2,33,1,34],[20,23,17,19,23,6],[18,22,15,5,17,29]]
[[39,0,37,34,24,4],[19,27,15,35,15,17],[37,22,18,21,1,11],[3,30,20,5,37,14],[41,28,32,24,2,34],[36,41,15,17,32,1],[39,6,0,5,39,2],[17,23,27,20,12,40],[19,22,29,5,29,1],[41,30,3,36,24,5],[37,22,17,13,6,21],[22,30,0,30,38,1],[0,38,18,4,15,40],[41,39,23,28,24,35]]
[[4,17,23,20,39,6],[25,39,4,24,6,39],[37,4,34,15,32,23],[25,22,34,26,23,37],[41,2,29,3,2,22],[34,0,37,5,40,1],[38,15,27,20,15,36],[4,32,36,23,34,20],[22,29,6,17,3,29],[27,5,37,5,20,25],[38,15,16,18,24,33],[0,32,40,26,39,5],[18,33,31,41,29,31],[25,1,32,22,6,16]]
[[1,28,8,5,28,29],[17,31,16,35,31,28],[14,35,6,31,30,39],[11,16,40,6,27,39],[28,39,2,17,20,5],[27,29,19,36,24,36],[5,2,9,17,37,22],[30,32,30,39,20,21],[34,30,36,2,22,40],[17,33,21,37,25,24],[26,10,21,1,40,24],[32,34,13,7,31,26],[12,40,25,29,29,36],[19,24,2,33,5,21]]
[[27,16,2,19,20,1],[18,5,14,28,35,5],[30,19,24,23,1,23],[31,2,23,39,31,28],[35,34,15,9,6,30],[25,25,28,2,16,23],[25,24,4,26,21,29],[27,24,4,2,26,29],[4,11,41,28,1,6],[40,27,37,3,34,17],[35,17,3,20,21,35],[24,30,40,19,27,30],[39,18,25,8,41,10],[1,7,37,19,4,15]]
[[23,41,4,30,27,25],[22,22,26,26,23,5],[4,1,26,1,20,37],[5,27,17,26,11,36],[36,25,0,29,32,29],[15,14,23,36,41,34],[29,5,12,40,24,24],[0,35,37,35,2,15],[33,41,19,5,2,8],[19,32,36,18,17,29],[16,20,16,39,38,18],[33,41,18,0,32,0],[18,30,23,38,40,15],[39,32,13,34,7,15]]
[[39,1,17,34,38,4],[38,5,41,25,29,24],[41,35,24,31,14,1],[6,29,15,20,6,17],[22,5,15,25,5,13],[22,16,30,31,35,37],[28,33,11,36,37,4],[34,16,36,15,2,19],[2,31,22,0,6,5],[12,30,38,2,3,19],[15,0,24,1,24,33],[38,3,22,1,20,30],[39,31,28,0,18,19],[19,6,18,2,30,0]]
[[4,0,4,1,28,31],[18,19,14,24,36,22],[37,33,39,10,36,16],[27,3,15,24,25,38],[22,16,36,31,2,19],[2,28,28,6,1,0],[3,37,18,22,31,6],[25,25,31,4,5,5],[33,36,4,32,12,39],[39,33,38,33,32,20],[18,25,18,29,19,24],[24,26,1,19,26,5],[22,27,5,32,1,39],[20,29,28,7,32,15]]
[[16,38,37,31,15,20],[34,32,15,6,33,3],[34,18,12,28,15,41],[27,28,41,9,40,0],[41,11,31,7,6,5],[22,30,22,32,30,37],[40,25,5,28,0,31],[0,37,30,5,6,33],[17,3,32,16,20,19],[0,5,14,20,38,19],[15,8,30,20,17,13],[26,32,31,25,41,17],[1,28,17,18,1,10],[27,37,26,40,6,40]]
[[38,6,21,17,16,19],[22,20,21,23,21,29],[22,37,31,37,41,2],[19,16,23,5,5,31],[28,41,30,31,37,21],[9,25,3,14,41,27],[39,20,27,0,5,2],[20,28,28,1,20,4],[24,8,15,23,23,28],[3,6,17,12,5,37],[25,39,31,29,41,1],[29,15,3,25,1,39],[1,38,38,0,30,39],[3,4,29,24,25,38]]
[[19,39,6,16,27,15],[19,34,10,26,0,37],[0,21,2,2,27,22],[6,28,20,25,27,11],[34,6,4,19,4,12],[8,23,0,26,32,23],[3,1,4,39,24,26],[22,19,31,22,18,16],[3,28,23,2,38,32],[37,21,16,4,2,34],[32,15,24,28,14,28],[34,25,31,0,16,22],[37,20,18,13,32,23],[27,37,26,1,38,6]]
[[23,12,5,15,1,5],[26,3,36,5,15,41],[21,4,38,29,17,25],[35,18,33,18,2,25],[35,16,35,41,21,41],[38,41,15,31,32,6],[3,2,0,19,40,31],[2,25,37,16,34,19],[31,17,25,33,21,40],[38,17,0,2,35,26],[37,6,26,34,6,20],[4,26,20,15,17,6],[23,32,29,38,31,5],[21,36,36,36,11,1]]
[[31,27,28,35,18,31],[4,22,2,10,20,19],[8,38,23,39,17,3],[33,29,29,15,3,34],[23,36,21,6,39,36],[6,4,33,28,1,19],[12,1,4,37,6,1],[2,1,24,9,29,3],[15,17,19,37,35,21],[3,27,17,0,27,7],[23,19,20,35,38,27],[4,14,22,2,6,18],[23,17,2,34,0,26],[37,26,24,29,37,35]]
