[[6,36,5,35,18],[2,18,34,22,5],[22,34,26,1,21],[33,18,1,30,39],[23,22,6,2,39],[33,28,37,3,35],[26,21,29,24,0],[18,28,41,5,34],[20,41,29,29,3],[0,23,24,6,29],[37,19,36,19,5],[34,20,30,6,22]]
[[36,12,6,1,21],[27,6,31,20,3],[25,5,14,39,22],[40,37,20,15,37],[33,33,18,22,34],[37,15,22,37,24],[7,10,27,33,11],[3,34,20,13,36],[5,31,38,22,41],[40,1,24,40,39],[18,21,20,25,40],[41,2,33,2,38]]
[[25,15,4,30,38],[4,26,2,30,40],[4,28,34,22,32],[25,3,0,19,36],[28,15,18,0,3],[38,28,28,25,34],[18,40,39,41,36],[15,39,16,2,30],[24,9,38,16,19],[41,38,32,40,30],[25,24,40,41,4],[41,26,7,22,15]]
[[24,16,31,25,31],[3,4,24,21,25],[20,4,22,23,17],[19,30,36,23,31],[36,6,33,17,25],[35,25,34,20,26],[21,35,12,21,15],[33,40,14,15,38],[41,26,19,38,16],[30,35,34,22,8],[3,23,21,6,31],[41,23,35,9,40]]
[[40,19,21,0,20],[34,40,21,23,17],[30,18,37,39,17],[3,34,25,29,41],[39,29,41,32,39],[30,32,38,20,25],[3,17,36,20,19],[22,0,36,12,20],[25,4,4,11,3],[18,37,38,39,23],[0,25,3,0,17],[36,13,14,22,36]]
[[19,0,33,1,31],[30,0,16,38,38],[6,33,24,34,23],[40,20,38,16,7],[12,29,24,40,6],[22,31,29,22,21],[6,38,20,32,8],[30,39,6,27,19],[32,27,14,20,39],[25,39,23,32,21],[5,39,25,33,20],[34,5,33,1,32]]
[[30,33,6,9,40],[17,30,29,33,19],[41,26,25,38,1],[17,26,34,0,26],[16,36,2,27,39],[5,5,2,34,19],[40,2,12,40,18],[23,23,41,16,16],[26,0,16,40,6],[39,27,1,10,27],[7,11,29,27,25],[2,38,36,18,8]]
[[33,19,1,36,37],[16,21,41,36,24],[6,16,20,36,37],[5,20,38,19,28],[22,3,23,39,39],[12,23,1,3,3],[35,14,34,9,38],[41,28,20,3,40],[40,24,33,20,1],[22,10,33,41,34],[35,5,36,24,1],[41,33,24,21,6]]
[[33,22,5,3,22],[16,28,29,6,36],[37,33,31,5,36],[37,27,3,18,31],[33,35,35,29,35],[6,29,17,23,24],[5,6,15,5,29],[21,28,24,23,16],[27,21,16,17,21],[35,15,24,33,19],[6,4,19,3,16],[4,18,3,24,21]]
[[20,29,22,39,41],[18,16,36,25,3],[26,35,18,13,37],[26,15,16,6,38],[39,25,25,4,36],[20,3,31,4,33],[33,0,39,32,6],[32,40,22,34,3],[36,35,41,0,37],[39,40,38,29,11],[0,25,36,31,0],[34,15,16,3,16]]
[[17,26,35,29,33],[6,32,6,31,20],[1,38,40,5,31],[29,29,17,38,22],[27,40,13,26,23],[31,27,2,15,29],[12,15,25,1,33],[10,23,35,22,11],[6,5,33,2,15],[31,17,15,25,17],[35,33,2,32,20],[2,35,7,14,6]]
[[23,21,6,5,29],[25,29,32,31,0],[5,23,26,36,3],[35,2,21,28,35],[29,3,24,15,7],[28,9,31,0,16],[20,38,26,1,38],[5,34,36,23,16],[32,31,29,2,25],[24,26,34,3,15],[26,3,6,31,23],[1,5,0,20,0]]
[[21,19,16,15,13],[14,37,5,32,18],[4,12,37,11,19],[24,29,0,2,0],[4,16,41,30,6],[41,6,39,29,19],[25,18,37,30,22],[2,28,22,21,28],[41,22,25,37,23],[23,21,32,24,25],[22,39,25,6,15],[19,41,21,6,5]]
[[34,3,39,26,25],[26,37,40,1,28],[20,18,19,37,29],[39,29,16,3,16],[24,16,15,16,19],[34,40,10,15,0],[40,24,24,29,33],[29,0,25,3,15],[23,3,0,28,23],[28,24,26,26,19],[15,40,19,1,20],[33,28,0,18,9]]
[[34,22,6,20,5],[4,27,3,38,2],[33,32,33,21,33],[0,25,4,25,6],[41,16,32,14,21],[2,12,31,34,41],[38,10,4,5,25],[4,3,22,28,6],[19,40,21,28,6],[33,31,19,27,16],[40,36,0,36,36],[36,8,20,25,21]]
[[3,28,31,35,20],[33,28,3,25,23],[33,33,23,16,21],[19,35,0,40,17],[1,21,26,32,40],[31,20,18,9,34],[6,6,7,16,17],[23,0,0,19,18],[40,23,16,33,34],[14,32,30,1,26],[0,5,19,19,40],[16,25,13,30,5]]
[[17,18,13,25,33],[21,35,14,34,38],[24,5,2,2,40],[16,17,29,2,0],[28,23,15,19,33],[32,15,5,41,19],[38,24,41,21,41],[28,29,33,6,16],[40,23,34,18,41],[18,33,35,26,26],[18,35,2,35,23],[23,25,0,6,32]]
[[33,33,15,30,19],[2,21,37,15,2],[37,18,14,39,33],[0,40,32,24,4],[17,35,32,23,34],[40,35,34,28,34],[39,26,38,4,33],[28,15,30,22,40],[17,2,34,38,2],[13,15,18,38,4],[38,4,24,21,40],[22,23,19,26,0]]
[[36,27,21,18,32],[25,23,20,30,1],[23,34,33,15,39],[28,33,13,3,16],[7,37,12,21,18],[17,35,28,15,34],[16,26,37,39,17],[22,26,25,1,34],[33,32,27,20,18],[22,18,2,2,25],[25,9,35,24,36],[30,34,24,3,33]]
[[4,22,15,15,39],[20,36,21,19,16],[39,20,41,21,15],[32,27,16,39,13],[34,18,21,32,39],[17,20,27,27,26],[32,5,11,19,25],[1,15,21,12,36],[27,30,20,32,5],[17,41,23,6,26],[1,23,4,18,30],[14,6,25,22,34]]
[[30,30,18,38,24],[5,22,0,32,40],[24,37,18,19,22],[25,37,5,33,26],[2,32,32,0,5],[25,30,41,30,4],[33,23,35,40,16],[2,28,19,34,5],[4,17,28,36,6],[4,23,40,6,4],[38,34,40,36,32],[35,26,17,16,41]]
[[22,29,41,37,15],[0,18,41,17,13],[5,29,37,41,36],[27,21,29,14,36],[40,24,23,20,18],[9,29,37,16,18],[22,31,2,24,22],[7,21,41,33,31],[40,27,17,23,12],[17,11,5,36,36],[18,37,2,0,20],[22,33,17,15,16]]
[[1,16,3,16,38],[35,32,29,35,16],[3,2,33,24,19],[34,41,32,32,29],[16,33,31,0,22],[3,3,40,29,37],[2,40,5,28,13],[1,34,0,37,31],[28,0,39,27,38],[32,35,23,24,11],[22,39,19,41,35],[23,5,29,0,27]]
[[1,15,6,13,11],[2,28,31,39,29],[6,34,41,31,16],[18,23,39,20,38],[23,35,39,30,1],[22,27,15,28,39],[36,24,37,1,18],[22,22,21,20,36],[0,27,37,29,6],[38,15,6,21,22],[2,34,35,16,24],[41,0,15,30,1]]
[[0,27,29,22,1],[14,13,21,8,21],[24,27,3,30,22],[1,0,20,31,16],[5,34,31,5,28],[25,11,29,23,30],[26,25,22,16,20],[0,22,30,28,34],[25,23,34,25,4],[39,16,26,34,39],[4,30,23,16,3],[23,24,12,10,0]]
[[1,24,3,2,21],[26,5,5,26,38],[21,6,22,36,31],[20,38,5,41,35],[18,32,6,35,25],[37,10,1,31,24],[37,11,19,20,2],[18,40,40,21,3],[5,19,36,22,37],[37,14,15,39,21],[7,3,15,30,3],[39,25,41,32,30]]
[[30,12,31,27,28],[33,38,40,30,35],[11,24,4,2,24],[14,36,21,4,13],[26,25,20,33,27],[37,5,31,33,37],[34,10,35,36,34],[5,21,17,39,31],[25,39,38,27,31],[20,2,17,17,24],[33,27,7,28,24],[32,26,32,40,17]]
[[17,21,30,30,0],[23,23,23,23,35],[18,34,40,0,40],[37,2,40,21,35],[40,4,5,34,2],[17,34,1,41,15],[20,8,41,37,34],[26,21,5,36,0],[18,21,4,2,1],[0,41,2,36,31],[31,13,20,41,10],[15,1,1,26,11]]
[[33,31,20,27,18],[33,39,19,18,32],[18,18,33,5,35],[36,27,0,0,31],[35,3,27,4,20],[14,4,28,0,31],[28,26,24,2,27],[36,15,40,15,5],[1,39,13,19,33],[0,2,40,3,40],[23,23,41,40,26],[24,1,31,41,32]]
[[22,32,28,21,0],[36,31,20,40,40],[4,8,22,25,34],[41,15,19,5,40],[24,3,25,3,28],[5,24,27,0,27],[36,15,41,4,37],[27,22,31,19,5],[20,32,24,37,22],[15,39,41,5,39],[24,27,40,21,15],[34,41,0,9,0]]
[[25,27,30,40,1],[26,17,28,11,17],[29,17,37,18,27],[25,22,21,37,29],[19,26,15,41,6],[19,15,6,19,17],[41,6,21,26,33],[24,40,38,15,24],[37,37,30,25,6],[33,28,1,38,30],[7,26,14,18,30],[10,19,25,15,22]]
[[7,16,33,2,29],[34,21,28,22,15],[16,37,28,17,27],[5,20,21,39,32],[19,33,17,39,21],[30,3,15,24,19],[29,4,3,1,37],[19,40,37,40,2],[34,29,14,29,2],[10,19,22,24,32],[30,37,27,1,20],[5,13,2,21,4]]
[[3,23,21,41,30],[33,29,32,18,39],[2,27,32,3,35],[15,1,21,36,15],[33,41,18,39,41],[6,4,20,1,27],[18,27,34,38,4],[41,30,31,31,26],[7,18,2,35,10],[36,23,27,0,21],[30,29,0,38,20],[34,30,21,26,6]]
[[38,38,31,19,31],[10,28,2,16,40],[36,21,23,38,41],[36,20,35,40,21],[20,19,0,24,41],[35,28,14,15,4],[36,16,2,31,13],[0,36,19,9,12],[4,15,31,30,24],[11,3,30,2,15],[38,15,2,23,23],[24,3,24,19,23]]
[[19,31,16,21,9],[19,31,34,36,14],[36,27,23,25,28],[30,41,27,1,0],[33,1,33,35,21],[4,20,33,0,28],[16,29,30,33,41],[7,0,20,26,20],[23,16,17,15,4],[0,17,34,29,16],[34,20,25,35,12],[15,26,25,34,25]]
[[17,0,16,13,26],[30,29,33,30,0],[17,1,20,16,21],[34,20,4,20,26],[22,37,36,34,29],[16,5,32,11,19],[22,25,32,34,33],[37,19,1,25,21],[2,5,19,4,28],[34,40,1,19,36],[28,17,2,20,33],[40,33,1,16,17]]
[[9,33,39,25,32],[16,0,14,6,36],[28,28,2,15,0],[17,0,2,8,15],[34,4,36,16,34],[4,27,21,19,20],[6,40,26,21,32],[31,2,2,30,39],[31,6,33,19,25],[20,30,39,32,10],[13,27,26,6,17],[39,40,0,7,32]]
[[18,38,0,3,17],[20,29,14,1,4],[25,25,4,29,33],[4,16,3,24,30],[33,39,24,28,6],[20,40,36,15,40],[33,27,24,38,30],[20,30,39,0,1],[3,6,36,13,33],[4,16,15,9,5],[24,17,3,10,30],[27,28,20,5,18]]
[[20,21,25,3,24],[39,16,37,12,15],[33,35,27,28,27],[2,30,3,39,28],[28,27,37,1,20],[20,34,16,21,15],[34,34,27,28,11],[16,2,15,15,0],[39,1,31,20,3],[33,41,16,31,34],[24,41,0,1,30],[1,3,35,25,39]]
[[29,13,25,14,4],[39,30,30,27,3],[17,12,23,40,36],[28,39,28,18,18],[19,40,41,5,2],[22,26,36,25,17],[35,16,31,15,23],[3,16,41,2,4],[4,4,19,31,28],[29,35,7,22,9],[28,5,15,15,11],[27,15,26,40,40]]
[[25,6,33,41,33],[17,6,27,21,20],[6,20,28,6,25],[15,27,34,16,15],[34,17,29,8,0],[2,21,31,23,29],[36,39,23,0,28],[35,27,1,30,39],[31,36,10,33,9],[30,37,16,17,40],[17,7,40,1,27],[35,2,41,37,33]]
[[27,21,13,22,0],[29,23,35,34,20],[24,4,21,16,41],[22,15,34,37,14],[32,33,27,2,25],[22,31,3,33,2],[24,0,37,29,39],[19,24,15,41,34],[32,24,2,20,22],[34,0,19,2,31],[0,4,3,16,20],[20,35,25,39,23]]
[[35,21,2,4,27],[2,20,32,33,40],[26,33,41,21,5],[19,32,27,25,6],[38,38,10,5,16],[37,37,5,25,5],[8,30,32,21,13],[22,35,4,6,40],[18,12,36,32,41],[4,36,18,6,30],[16,21,4,6,16],[16,20,19,22,26]]
[[26,0,40,18,15],[41,20,1,34,23],[34,37,1,2,40],[13,18,2,3,35],[31,31,36,37,29],[20,3,27,33,15],[6,24,30,36,41],[8,15,24,28,23],[41,10,36,26,14],[27,22,22,6,33],[1,28,29,41,36],[15,1,35,0,30]]
[[35,5,8,31,2],[5,30,25,19,31],[16,16,30,22,12],[28,25,17,24,37],[33,11,28,35,14],[25,35,0,37,20],[19,21,36,16,36],[26,27,0,21,22],[41,31,17,40,27],[20,18,26,2,40],[25,33,31,35,18],[13,16,41,7,24]]
[[4,26,6,32,18],[1,30,18,38,19],[23,2,27,4,39],[4,28,31,18,32],[40,15,8,23,39],[6,27,26,38,2],[1,5,38,16,4],[28,6,38,30,7],[35,22,18,22,35],[6,26,40,35,41],[31,5,35,15,16],[26,19,22,22,41]]
[[33,25,29,18,16],[38,20,15,41,17],[37,32,30,39,40],[26,21,34,25,17],[41,34,32,5,18],[20,5,8,41,39],[40,21,16,39,16],[27,27,5,40,33],[5,29,37,35,29],[24,30,40,24,20],[16,38,39,9,41],[26,29,15,20,35]]
[[29,20,33,15,19],[1,1,17,32,30],[35,41,41,38,38],[33,33,20,12,37],[23,38,13,26,16],[19,35,24,34,24],[38,23,36,40,19],[37,17,5,26,3],[36,3,26,30,39],[15,32,29,40,39],[8,33,19,16,25],[25,26,10,5,34]]
[[25,4,19,36,30],[6,32,38,39,26],[20,29,31,20,36],[2,10,7,38,38],[5,5,35,4,36],[3,15,0,17,36],[2,26,23,38,31],[24,3,0,22,17],[27,30,19,15,23],[26,35,27,26,25],[32,22,39,0,0],[39,39,29,6,24]]
[[29,19,37,26,1],[14,19,39,7,28],[17,38,30,33,27],[29,38,23,5,33],[17,20,30,28,31],[11,8,39,5,2],[18,15,15,13,41],[37,20,26,1,39],[30,40,41,38,27],[40,39,23,12,20],[40,34,18,31,20],[34,2,38,40,30]]
[[5,40,27,5,19],[23,23,10,29,1],[38,6,33,38,15],[40,37,2,27,33],[34,28,2,6,37],[3,29,2,6,37],[15,1,27,19,25],[9,16,6,0,37],[15,17,28,31,1],[15,3,25,33,39],[0,17,34,33,39],[2,27,1,31,16]]
[[26,22,38,34,32],[36,28,8,34,18],[37,31,12,28,41],[9,36,33,24,34],[5,18,22,20,41],[6,20,33,24,13],[14,5,2,31,18],[37,41,1,26,11],[24,41,15,3,6],[34,1,17,15,38],[2,4,3,4,24],[18,27,17,32,27]]
[[19,5,27,36,32],[40,7,9,16,1],[32,20,33,41,17],[26,37,23,32,10],[16,3,28,8,19],[16,26,17,1,16],[5,3,30,33,40],[30,31,23,32,34],[4,27,1,18,28],[4,19,3,31,41],[1,36,19,31,18],[34,31,20,3,37]]
[[35,1,0,37,36],[0,4,39,32,25],[5,4,33,3,34],[3,26,31,40,32],[40,38,15,15,30],[34,38,36,33,5],[30,0,4,0,1],[40,26,27,39,2],[25,22,31,4,19],[6,35,22,19,37],[27,6,40,5,37],[5,25,37,2,25]]
[[2,22,1,1,27],[33,29,27,41,41],[23,1,40,19,6],[34,23,16,1,5],[19,36,27,28,22],[14,6,38,6,36],[41,8,32,33,21],[27,40,5,29,6],[28,30,22,23,3],[2,34,25,10,21],[38,22,3,41,32],[23,30,25,13,16]]
[[25,18,25,15,20],[40,2,25,9,7],[33,1,40,33,4],[41,34,31,4,29],[38,0,36,18,24],[24,23,18,38,36],[36,33,31,1,16],[20,41,15,16,24],[36,37,23,15,37],[2,33,25,21,24],[0,18,29,38,0],[38,15,34,21,0]]
[[16,16,31,7,36],[20,24,34,12,1],[34,32,34,15,14],[29,29,31,38,33],[26,29,13,38,20],[26,32,28,36,4],[9,10,28,35,1],[15,26,11,39,33],[29,8,4,21,27],[34,5,24,23,33],[23,39,27,5,31],[33,31,26,35,21]]
[[3,33,3,27,23],[28,31,40,25,33],[35,29,0,17,23],[24,38,29,25,17],[29,5,0,24,38],[18,40,7,8,27],[19,23,21,35,18],[39,39,16,4,4],[28,21,29,38,31],[0,19,18,41,17],[15,5,41,17,16],[15,0,38,23,18]]
[[35,38,21,15,29],[31,2,1,22,23],[17,33,6,29,28],[16,1,28,18,25],[33,40,37,38,14],[6,16,17,25,35],[17,35,34,29,35],[34,41,1,38,21],[18,29,40,22,25],[33,31,1,17,37],[38,6,15,6,25],[23,33,41,2,12]]
[[15,20,35,10,27],[37,40,4,40,5],[2,22,37,20,27],[0,21,26,7,35],[16,12,32,8,34],[15,32,3,18,21],[41,13,0,2,5],[41,22,4,34,18],[29,16,39,39,3],[27,29,5,37,2],[41,26,9,41,39],[37,5,39,2,27]]
[[30,35,20,22,17],[33,30,11,26,33],[22,25,41,25,23],[10,20,38,16,8],[32,28,32,28,30],[34,33,26,38,5],[21,34,13,41,1],[7,5,23,23,23],[29,27,32,16,5],[33,21,29,30,5],[1,0,9,29,27],[17,0,29,35,32]]
[[27,17,6,32,14],[31,31,25,2,27],[4,3,18,17,25],[17,3,21,3,31],[29,0,21,19,33],[6,21,16,38,18],[38,29,4,35,31],[35,16,19,0,40],[40,32,21,4,29],[3,38,38,33,2],[39,41,17,11,2],[2,4,41,39,29]]
[[20,34,4,34,2],[40,36,20,41,3],[38,38,41,2,3],[15,40,12,40,36],[33,36,37,22,29],[0,3,1,31,1],[33,30,13,35,28],[20,0,15,5,31],[35,36,3,40,28],[29,2,28,5,16],[2,16,37,5,5],[28,30,20,22,4]]
[[0,5,22,9,4],[39,33,39,3,39],[22,4,3,16,22],[22,39,29,21,33],[4,16,37,19,37],[15,5,29,27,5],[7,27,36,15,30],[0,19,30,32,6],[19,4,28,23,21],[5,36,36,41,23],[41,32,36,19,6],[28,38,41,38,41]]
[[38,23,0,3,41],[5,2,35,25,31],[0,32,6,1,41],[25,38,8,1,3],[33,29,2,17,32],[23,27,15,34,17],[0,0,5,30,38],[34,7,15,29,3],[35,17,30,24,15],[6,3,31,38,15],[27,22,21,12,24],[11,22,21,17,33]]
[[26,21,3,28,6],[19,15,16,6,31],[29,35,18,28,4],[26,37,36,4,25],[4,5,2,18,29],[16,35,39,25,26],[20,39,36,39,20],[5,21,5,31,35],[39,38,38,25,38],[5,35,38,21,37],[22,25,15,4,26],[3,19,22,2,21]]
[[30,32,20,36,0],[3,3,18,39,3],[27,27,0,36,41],[36,21,25,30,5],[22,26,16,15,20],[30,18,37,25,26],[0,13,36,19,41],[38,32,37,11,37],[1,5,23,37,3],[39,30,38,41,15],[1,19,32,41,32],[23,16,0,22,21]]
[[36,22,36,20,36],[37,16,16,32,36],[16,34,0,24,40],[39,41,5,1,24],[39,33,15,16,40],[30,18,5,27,33],[40,5,20,19,18],[37,5,15,30,1],[40,0,25,23,28],[1,28,27,22,25],[19,23,17,1,41],[33,32,34,33,17]]
[[34,34,35,26,31],[36,27,31,33,15],[31,23,39,32,23],[8,18,27,38,1],[35,19,16,25,15],[31,16,37,25,38],[39,36,16,1,37],[32,20,20,33,30],[26,15,17,21,25],[28,16,28,19,21],[18,17,15,19,2],[25,9,30,19,2]]
[[22,7,32,41,16],[18,38,39,6,17],[36,38,1,11,30],[5,33,39,19,22],[17,31,21,1,6],[30,3,24,5,16],[17,36,24,25,14],[29,32,25,21,24],[19,24,29,31,3],[17,27,36,33,41],[9,31,35,40,31],[27,18,40,36,35]]
[[9,35,16,38,12],[41,40,36,25,19],[23,22,31,27,40],[37,34,13,31,34],[41,36,14,22,17],[17,27,16,39,11],[37,41,19,31,21],[0,39,22,35,36],[21,31,2,32,0],[26,26,2,25,32],[36,22,15,1,41],[15,1,23,38,10]]
[[6,4,19,31,0],[39,30,18,6,26],[31,1,2,15,33],[25,4,37,6,29],[12,35,7,2,21],[15,18,5,8,35],[10,24,39,26,29],[25,36,24,22,2],[19,22,0,18,6],[33,25,36,35,21],[25,1,18,37,30],[2,35,9,5,11]]
[[24,1,17,38,18],[17,35,40,25,21],[6,21,19,41,40],[0,28,20,38,37],[38,35,6,29,1],[41,0,25,20,34],[41,33,13,24,26],[28,34,18,41,3],[18,6,19,26,40],[3,29,32,21,38],[21,27,37,6,40],[18,27,33,12,32]]
[[15,39,15,27,3],[15,20,0,27,20],[25,19,4,6,39],[34,4,1,3,1],[17,18,34,26,5],[0,28,40,6,7],[18,9,17,24,5],[3,24,17,0,30],[28,15,25,38,26],[29,40,40,30,17],[8,25,38,29,0],[3,40,25,10,19]]
[[22,5,1,27,30],[15,28,22,8,16],[31,3,22,1,38],[37,27,10,38,28],[33,24,19,26,6],[0,18,15,3,24],[26,33,35,3,22],[18,15,27,37,15],[25,0,27,23,31],[35,25,30,5,23],[6,19,2,39,2],[3,16,41,41,39]]
[[17,38,26,12,6],[26,37,30,20,22],[23,23,30,38,15],[27,3,21,7,0],[21,6,23,16,23],[2,26,15,24,2],[6,22,26,5,17],[0,5,28,22,2],[31,31,3,3,20],[15,6,35,3,22],[28,35,8,27,2],[13,24,37,15,16]]
[[28,34,23,17,6],[27,35,25,34,20],[23,25,1,28,17],[17,21,14,32,0],[1,16,8,0,40],[40,28,6,5,23],[12,32,11,16,13],[41,40,41,35,28],[21,23,32,5,20],[16,37,37,38,27],[41,32,38,17,40],[41,30,16,9,30]]
[[20,14,33,12,13],[38,22,38,16,6],[35,21,23,37,23],[2,24,21,41,27],[27,24,16,2,16],[40,40,1,9,29],[22,35,16,30,27],[6,6,11,41,33],[35,37,20,22,35],[31,1,5,7,29],[25,8,30,25,27],[10,6,31,5,22]]
[[21,34,0,17,26],[19,39,36,1,26],[3,2,39,21,15],[39,16,16,38,1],[3,15,2,25,29],[10,41,8,34,29],[2,15,35,0,25],[13,19,35,38,38],[15,0,41,36,5],[0,12,27,27,22],[2,39,16,17,26],[5,22,26,16,38]]
[[27,27,6,41,23],[37,40,9,12,31],[32,23,21,1,18],[16,40,0,38,41],[26,34,1,1,31],[21,28,0,40,10],[11,30,16,1,33],[15,28,24,34,38],[35,32,32,6,24],[32,33,15,38,30],[30,18,26,38,30],[35,37,40,29,29]]
[[33,19,0,23,28],[39,22,33,36,20],[32,29,20,40,27],[17,35,23,34,39],[11,18,22,39,17],[30,35,27,29,35],[32,22,0,1,36],[21,3,23,2,35],[22,3,23,19,34],[1,21,2,39,30],[14,28,12,17,36],[13,40,36,18,17]]
[[38,17,31,17,24],[38,40,39,5,39],[36,2,32,17,7],[4,6,12,34,32],[21,22,16,20,33],[36,16,20,22,6],[5,33,18,36,38],[30,20,20,18,22],[34,31,21,24,4],[9,6,39,36,30],[31,2,22,11,40],[31,17,39,6,38]]
[[24,25,22,16,16],[16,34,26,4,22],[26,8,14,15,25],[6,34,16,33,26],[9,39,26,11,0],[21,13,30,25,33],[25,30,38,41,30],[12,39,35,19,35],[38,18,24,41,6],[28,19,23,0,31],[21,22,4,28,18],[22,15,23,31,30]]
[[37,34,25,22,1],[6,6,34,27,32],[17,21,35,26,21],[25,38,13,21,41],[14,3,37,40,16],[21,18,34,3,5],[24,41,5,18,26],[35,31,31,32,16],[32,40,25,22,24],[1,28,38,32,33],[25,16,40,33,16],[40,27,17,28,34]]
[[6,4,16,4,0],[33,3,22,37,4],[39,21,0,34,19],[15,37,16,39,24],[1,31,27,36,11],[32,12,22,18,16],[22,13,6,37,26],[4,6,36,6,18],[19,1,1,3,32],[17,31,33,26,34],[14,22,37,27,24],[15,16,17,1,21]]
[[4,18,12,38,11],[17,28,32,2,25],[18,1,25,41,21],[4,32,36,21,35],[9,0,6,0,1],[40,7,18,36,28],[6,14,1,38,26],[41,40,35,0,41],[26,40,39,2,21],[39,1,13,2,10],[2,41,17,8,0],[40,18,23,21,23]]
[[26,32,4,19,36],[25,4,24,6,32],[23,39,18,20,39],[27,15,32,6,8],[27,41,39,16,41],[19,18,25,7,41],[28,40,18,2,20],[38,28,4,36,38],[27,15,24,4,32],[21,41,34,18,39],[25,2,25,23,40],[21,34,26,27,16]]
[[0,16,28,27,20],[19,17,24,28,17],[25,16,2,33,25],[16,25,23,35,21],[28,17,37,41,0],[5,20,33,23,34],[28,26,24,37,16],[31,30,30,41,34],[26,0,39,41,2],[5,0,21,36,31],[23,19,35,36,27],[41,39,17,25,23]]
[[20,30,37,10,15],[17,17,16,25,0],[27,18,31,25,3],[30,23,15,39,20],[35,26,39,3,35],[20,34,18,27,39],[34,17,0,3,25],[39,15,40,29,9],[15,17,19,0,3],[20,26,40,0,34],[31,25,16,8,34],[23,19,29,7,37]]
[[17,1,6,31,20],[24,38,24,24,41],[1,31,19,6,19],[21,3,40,4,30],[2,34,4,37,20],[2,0,24,5,26],[12,37,30,35,37],[26,4,40,38,38],[17,40,34,35,41],[2,3,0,2,1],[40,4,5,21,38],[1,32,32,37,14]]
[[41,33,0,35,26],[24,40,9,21,17],[22,22,31,15,24],[22,11,0,16,15],[6,0,15,22,33],[35,33,23,38,13],[41,34,30,0,34],[20,12,20,31,36],[38,14,3,6,23],[38,39,21,36,39],[38,3,33,16,15],[10,26,40,17,30]]
[[28,34,28,27,40],[41,35,16,16,15],[23,26,34,31,20],[39,21,41,2,26],[23,38,7,18,2],[37,27,8,26,33],[38,37,17,14,1],[39,24,24,41,41],[25,18,0,6,33],[25,0,17,15,21],[20,18,35,1,40],[31,6,26,18,12]]
[[30,16,25,3,30],[31,15,38,39,35],[23,14,30,4,18],[24,19,4,7,33],[29,41,16,31,38],[38,35,37,18,36],[22,41,11,32,29],[2,39,19,4,9],[25,22,16,4,28],[15,13,16,37,30],[33,3,12,32,36],[28,23,2,38,24]]
[[36,15,25,24,17],[1,0,26,17,37],[17,0,17,0,40],[4,39,35,18,2],[36,21,38,35,39],[29,6,21,16,21],[16,4,6,5,0],[15,30,4,1,31],[40,6,31,36,26],[5,24,37,4,30],[6,36,3,3,2],[29,38,21,18,25]]
[[22,37,0,6,28],[36,37,35,33,6],[30,24,36,39,6],[21,21,19,32,1],[40,35,6,2,18],[26,3,0,1,34],[17,32,28,21,34],[16,5,40,17,1],[21,24,19,2,1],[16,3,39,29,33],[5,29,22,31,30],[16,26,31,16,18]]
[[33,34,25,29,15],[19,3,32,26,6],[18,38,27,33,15],[31,29,25,18,2],[4,39,41,1,28],[39,31,19,6,4],[39,31,5,28,38],[29,12,27,22,26],[5,6,1,35,1],[2,1,39,32,41],[28,11,3,29,31],[34,6,22,28,35]]
[[5,18,39,41,28],[7,19,3,32,31],[35,33,6,22,28],[39,31,31,18,24],[19,3,0,6,40],[39,0,25,41,38],[22,40,26,8,30],[35,35,31,26,6],[28,37,33,12,24],[28,30,35,19,19],[38,32,25,37,13],[15,15,5,39,6]]
[[29,6,35,38,25],[4,25,18,38,41],[19,12,19,2,25],[15,16,15,1,28],[33,13,15,22,2],[33,19,37,5,41],[1,18,33,18,5],[33,41,15,41,14],[11,22,39,40,40],[37,5,29,5,16],[18,28,36,6,39],[25,4,35,36,19]]
[[34,26,3,0,22],[19,37,29,0,29],[15,16,34,3,24],[35,17,1,31,26],[15,20,3,24,27],[22,40,0,40,25],[30,19,17,3,19],[27,1,0,38,20],[25,23,4,23,4],[30,5,38,35,31],[17,5,23,37,25],[17,25,23,16,19]]
[[35,0,40,30,40],[22,35,29,3,15],[15,34,17,27,6],[3,25,25,32,13],[14,15,27,30,30],[39,18,40,0,17],[35,21,20,41,41],[31,40,0,35,29],[24,29,15,37,22],[20,31,29,21,6],[30,34,3,24,37],[18,32,3,39,0]]
